-0.95891633 0.0015397691
-0.95641633 0.0079311674
-0.95391633 0.0142287
-0.95141633 0.013366703
-0.94891633 0.019294835
-0.94641633 0.022167729
-0.94391633 0.019371786
-0.94141633 0.022086929
-0.93891633 0.027348698
-0.93641633 0.031579808
-0.93391633 0.024096234
-0.93141633 0.030356153
-0.92891633 0.020560556
-0.92641633 0.024908455
-0.92391633 0.022741351
-0.92141633 0.018918603
-0.91891633 0.0056776199
-0.91641633 -0.0054281588
-0.91391633 0.019819988
-0.91141633 0.20183173
-0.90891633 0.35953964
-0.90641633 0.14456901
-0.90391633 0.037415387
-0.90141633 0.029409387
-0.89891633 -0.17510627
-0.89641633 -0.079428995
-0.89391633 -0.045990782
-0.89141633 -0.14569261
-0.88891633 -0.21983901
-0.88641633 -0.31873303
-0.88391633 -0.4884899
-0.88141633 -0.081377619
-0.87891633 -0.23220794
-0.87641633 -0.31587393
-0.87391633 -0.51899031
-0.87141633 -0.38548168
-0.86891633 -0.42732859
-0.86641633 0.0065605751
-0.86391633 -0.80177745
-0.86141633 -0.58022659
-0.85891633 -0.60196177
-0.85641633 -0.54649401
-0.85391633 -0.013597463
-0.85141633 -0.79704314
-0.84891633 -0.56690019
-0.84641633 -0.62568521
-0.84391633 -0.66811081
-0.84141633 -0.018935412
-0.83891633 -0.66369195
-0.83641633 -1.0048866
-0.83391633 -0.72849573
-0.83141633 -0.15564887
-0.82891633 -0.8481731
-0.82641633 -0.76953259
-0.82391633 -0.94464891
-0.82141633 -0.83595023
-0.81891633 -0.80859884
-0.81641633 -0.0086642253
-0.81391633 -1.1642495
-0.81141633 -0.79397117
-0.80891633 -0.87651205
-0.80641633 -0.92935512
-0.80391633 -0.016432465
-0.80141633 -0.96509966
-0.79891633 -1.0035414
-0.79641633 -1.0248065
-0.79391633 -1.0918464
-0.79141633 0.0005669434
-0.78891633 -1.183301
-0.78641633 -1.1424075
-0.78391633 -1.0558018
-0.78141633 -1.1112604
-0.77891633 -0.022017874
-0.77641633 -0.962863
-0.77391633 -1.3705212
-0.77141633 -0.92676724
-0.76891633 -0.1822682
-0.76641633 -0.84249081
-0.76391633 -1.0702262
-0.76141633 -1.0982522
-0.75891633 -1.1008245
-0.75641633 -1.1225518
-0.75391633 -0.0099003869
-0.75141633 -1.1545253
-0.74891633 -1.2275659
-0.74641633 -1.1912439
-0.74391633 -1.1128617
-0.74141633 -0.022855519
-0.73891633 -1.0379675
-0.73641633 -0.95158116
-0.73391633 -1.4087854
-0.73141633 -0.17921381
-0.72891633 -0.98690809
-0.72641633 -0.86454402
-0.72391633 -1.1587048
-0.72141633 -1.0571778
-0.71891633 -1.0866037
-0.71641633 -0.010232049
-0.71391633 -1.0986303
-0.71141633 -1.1257158
-0.70891633 -1.0878749
-0.70641633 -1.0305105
-0.70391633 -0.016805202
-0.70141633 -0.99006722
-0.69891633 -0.93527598
-0.69641633 -0.85236478
-0.69391633 -1.2384525
-0.69141633 -0.013026553
-0.68891633 -0.86757444
-0.68641633 -0.91347849
-0.68391633 -0.90599761
-0.68141633 -0.89571458
-0.67891633 -0.01197229
-0.67641633 -0.86737334
-0.67391633 -0.81933732
-0.67141633 -0.75119813
-0.66891633 -0.86598296
-0.66641633 -0.66209625
-0.66391633 -0.48087367
-0.66141633 -0.93246326
-0.65891633 -0.7696647
-0.65641633 -0.54522138
-0.65391633 -0.59801454
-0.65141633 -0.43539785
-0.64891633 -0.78538095
-0.64641633 -0.67913383
-0.64391633 -0.58895187
-0.64141633 -0.46184481
-0.63891633 -0.41918504
-0.63641633 -0.64508276
-0.63391633 -0.45203107
-0.63141633 -0.73708934
-0.62891633 -0.42645408
-0.62641633 -0.43330786
-0.62391633 -0.62421967
-0.62141633 -0.50486698
-0.61891633 -0.51573082
-0.61641633 -0.54982416
-0.61391633 -0.18876961
-0.61141633 -0.6913835
-0.60891633 -0.45347519
-0.60641633 -0.59228422
-0.60391633 -0.15232826
-0.60141633 -0.47753505
-0.59891633 -0.54294255
-0.59641633 -0.424148
-0.59391633 -0.72741993
-0.59141633 -0.032165258
-0.58891633 -0.4634009
-0.58641633 -0.50566801
-0.58391633 -0.42337323
-0.58141633 -0.65884235
-0.57891633 0.014161356
-0.57641633 -0.54320061
-0.57391633 -0.44497073
-0.57141633 -0.44590467
-0.56891633 -0.49100161
-0.56641633 0.073239093
-0.56391633 -0.55682347
-0.56141633 -0.42899236
-0.55891633 -0.42436223
-0.55641633 -0.41982876
-0.55391633 -0.24688172
-0.55141633 -0.21840467
-0.54891633 -0.40442965
-0.54641633 -0.28689645
-0.54391633 -0.49179059
-0.54141633 -0.071384837
-0.53891633 -0.28239326
-0.53641633 -0.36948143
-0.53391633 -0.2657478
-0.53141633 -0.25216644
-0.52891633 -0.048849227
-0.52641633 -0.049195007
-0.52391633 -0.28079588
-0.52141633 -0.16722186
-0.51891633 -0.16985904
-0.51641633 -0.19407475
-0.51391633 -0.26588108
-0.51141633 -0.31787533
-0.50891633 -0.34863643
-0.50641633 -0.47063889
-0.50391633 -0.034751197
-0.50141633 -0.4194457
-0.49891633 -0.45597419
-0.49641633 -0.53726581
-0.49391633 -0.41187877
-0.49141633 -0.4399984
-0.48891633 -0.28952582
-0.48641633 -0.46566343
-0.48391633 -0.53901771
-0.48141633 -0.51014912
-0.47891633 -0.2229753
-0.47641633 -0.38254026
-0.47391633 -0.50328827
-0.47141633 -0.44341995
-0.46891633 -0.35750352
-0.46641633 -0.39355573
-0.46391633 -0.36813246
-0.46141633 -0.42392528
-0.45891633 -0.38098204
-0.45641633 -0.27068939
-0.45391633 -0.26155439
-0.45141633 -0.41041634
-0.44891633 -0.4048773
-0.44641633 -0.34699054
-0.44391633 -0.25385065
-0.44141633 -0.26929713
-0.43891633 -0.22134108
-0.43641633 -0.30254596
-0.43391633 -0.26032597
-0.43141633 -0.16847178
-0.42891633 -0.15924898
-0.42641633 -0.29793194
-0.42391633 -0.2056571
-0.42141633 -0.24705512
-0.41891633 -0.11035632
-0.41641633 -0.22053194
-0.41391633 -0.12151969
-0.41141633 -0.14213407
-0.40891633 -0.045663588
-0.40641633 -0.03871255
-0.40391633 -0.0064454898
-0.40141633 -0.058583053
-0.39891633 -0.24213963
-0.39641633 -0.15271662
-0.39391633 -0.28046637
-0.39141633 -0.30079339
-0.38891633 -0.2537769
-0.38641633 -0.37050147
-0.38391633 -0.29179349
-0.38141633 -0.36519846
-0.37891633 -0.33036811
-0.37641633 -0.35525809
-0.37391633 -0.33567362
-0.37141633 -0.13488356
-0.36891633 -0.33773951
-0.36641633 -0.22808699
-0.36391633 -0.10838592
-0.36141633 -0.078483977
-0.35891633 -0.011237088
-0.35641633 0.051800652
-0.35391633 0.12198738
-0.35141633 0.036616133
-0.34891633 0.21927571
-0.34641633 0.14755162
-0.34391633 0.15215441
-0.34141633 0.17492819
-0.33891633 0.10996163
-0.33641633 0.19256971
-0.33391633 0.14913638
-0.33141633 0.17852201
-0.32891633 0.19413273
-0.32641633 0.10509315
-0.32391633 0.19752888
-0.32141633 0.16688397
-0.31891633 0.12144557
-0.31641633 0.18661206
-0.31391633 0.088880883
-0.31141633 0.18651671
-0.30891633 0.14445403
-0.30641633 0.10691579
-0.30391633 0.16796999
-0.30141633 0.096754022
-0.29891633 0.16271812
-0.29641633 0.15715301
-0.29391633 0.076947259
-0.29141633 0.14688124
-0.28891633 0.11136262
-0.28641633 0.123292
-0.28391633 0.10610007
-0.28141633 0.098705058
-0.27891633 0.14533852
-0.27641633 0.051664393
-0.27391633 0.13764948
-0.27141633 0.11190209
-0.26891633 0.085821516
-0.26641633 0.099325192
-0.26391633 0.084650131
-0.26141633 0.11688624
-0.25891633 0.095396751
-0.25641633 0.082286734
-0.25391633 0.082861481
-0.25141633 0.078432328
-0.24891633 0.088246174
-0.24641633 0.069527572
-0.24391633 0.047558359
-0.24141633 0.055892982
-0.23891633 0.044766356
-0.23641633 -0.029186498
-0.23391633 -0.00025919989
-0.23141633 -0.0063615396
-0.22891633 0.001514848
-0.22641633 0.0015972004
-0.22391633 0.00010472248
-0.22141633 0.0032852076
-0.21891633 -0.0050880481
-0.21641633 0.10987502
-0.21391633 0.051477999
-0.21141633 0.023523365
-0.20891633 0.0047149467
-0.20641633 -0.0044236228
-0.20391633 -0.031534221
-0.20141633 -0.017434017
-0.19891633 -0.011339489
-0.19641633 -0.021449636
-0.19391633 -0.0021099102
-0.19141633 -0.025049981
-0.18891633 -0.0011605489
-0.18641633 -0.0034534377
-0.18391633 0.010544992
-0.18141633 0.0091791708
-0.17891633 0.0075273654
-0.17641633 0.023331993
-0.17391633 0.032115601
-0.17141633 0.02645375
-0.16891633 0.03358259
-0.16641633 0.035082623
-0.16391633 0.05991179
-0.16141633 0.072260997
-0.15891633 0.077771048
-0.15641633 0.01819754
-0.15391633 0.068739862
-0.15141633 0.092652949
-0.14891633 0.10207751
-0.14641633 0.11012568
-0.14391633 0.016659676
-0.14141633 0.10295856
-0.13891633 0.12089984
-0.13641633 0.094583367
-0.13391633 0.12976438
-0.13141633 0.032701003
-0.12891633 0.11693998
-0.12641633 0.10462612
-0.12391633 0.15541377
-0.12141633 0.037046375
-0.11891633 0.15178896
-0.11641633 0.073376545
-0.11391633 0.16086741
-0.11141633 0.10931129
-0.10891633 0.16529626
-0.10641633 0.035369652
-0.10391633 0.072136578
-0.10141633 0.16805501
-0.09891633 0.11984435
-0.09641633 0.15034849
-0.09391633 0.057168139
-0.09141633 0.089129251
-0.08891633 0.16651713
-0.08641633 0.13265631
-0.08391633 0.093280061
-0.08141633 0.048653673
-0.07891633 0.13618188
-0.07641633 0.15434679
-0.07391633 0.13255826
-0.07141633 0.061689652
-0.06891633 -0.037150785
-0.06641633 -0.049266567
-0.06391633 0.063046202
-0.06141633 0.094528399
-0.05891633 0.13406002
-0.05641633 0.046841433
-0.05391633 0.051624606
-0.05141633 0.093613424
-0.04891633 0.098614022
-0.04641633 0.073362028
-0.04391633 -0.015264112
-0.04141633 0.13846112
-0.03891633 0.057585717
-0.03641633 0.094525369
-0.03391633 0.097919884
-0.03141633 0.10880814
-0.02891633 0.020787681
-0.02641633 0.10232155
-0.02391633 0.11417352
-0.02141633 0.11972277
-0.01891633 0.24008569
-0.01641633 0.0078867111
-0.01391633 0.024410801
-0.01141633 -0.086289907
-0.00891633 0.0068184361
-0.00641633 0.10124641
-0.00391633 0.025491788
-0.00141633 0.10254209
0.00108367 0.11308085
0.00358367 0.10758957
0.00608367 0.11425493
0.00858367 0.034499948
0.01108367 0.11441136
0.01358367 0.12923108
0.01608367 0.105967
0.01858367 0.11941623
0.02108367 0.029865122
0.02358367 0.15104788
0.02608367 0.12329611
0.02858367 0.10697804
0.03108367 0.12318496
0.03358367 0.067906503
0.03608367 0.049783125
0.03858367 0.1527435
0.04108367 0.10994494
0.04358367 0.13738386
0.04608367 0.08233093
0.04858367 0.060543651
0.05108367 0.16866357
0.05358367 0.11798369
0.05608367 0.12039881
0.05858367 0.023473069
0.06108367 0.13983719
0.06358367 0.095589412
0.06608367 0.041091584
0.06858367 0.022208917
0.07108367 -0.031381974
0.07358367 -0.020129892
0.07608367 0.070957635
0.07858367 0.01409762
0.08108367 0.058801824
0.08358367 -0.013314409
0.08608367 0.043951604
0.08858367 0.036017223
0.09108367 0.027695642
0.09358367 0.040740387
0.09608367 -0.011870784
0.09858367 0.038869362
0.10108367 0.032544522
0.10358367 0.027779588
0.10608367 0.0082698336
0.10858367 0.062035716
0.11108367 -0.0023192
0.11358367 0.033534704
0.11608367 0.029797497
0.11858367 0.020670923
0.12108367 0.026255408
0.12358367 -0.032321788
0.12608367 0.11279453
0.12858367 0.030819964
0.13108367 0.037668465
0.13358367 -0.00098961604
0.13608367 0.037075951
0.13858367 0.032472181
0.14108367 0.027996822
0.14358367 0.034542561
0.14608367 -0.0039857859
0.14858367 0.035785796
0.15108367 0.030269114
0.15358367 0.028797789
0.15608367 0.03633116
0.15858367 0.0038074272
0.16108367 0.031012077
0.16358367 0.031592908
0.16608367 0.035820382
0.16858367 0.035017635
0.17108367 0.00084976349
0.17358367 0.041308966
0.17608367 0.042015923
0.17858367 0.040074182
0.18108367 0.045632515
0.18358367 0.002478259
0.18608367 0.039553676
0.18858367 0.053645991
0.19108367 0.045036782
0.19358367 0.037600687
0.19608367 -0.0045836333
0.19858367 0.048232236
0.20108367 0.059161381
0.20358367 0.054521593
0.20608367 0.064176042
0.20858367 0.020533532
0.21108367 0.0606411
0.21358367 0.073973618
0.21608367 0.067334232
0.21858367 0.076301934
0.22108367 0.023669947
0.22358367 0.07231371
0.22608367 0.088733537
0.22858367 0.076969362
0.23108367 0.089677559
0.23358367 0.048221821
0.23608367 0.072982283
0.23858367 0.10122707
0.24108367 0.080494106
0.24358367 0.089546902
0.24608367 0.087583177
0.24858367 0.075928485
0.25108367 0.10710165
0.25358367 0.08063604
0.25608367 0.098536222
0.25858367 0.092868605
0.26108367 0.11519478
0.26358367 0.45660187
0.26608367 0.33456526
0.26858367 0.36419245
0.27108367 0.31460278
0.27358367 0.41075664
0.27608367 0.38962048
0.27858367 0.33185684
0.28108367 0.32481312
0.28358367 0.31532225
0.28608367 0.29037633
0.28858367 0.36176035
0.29108367 0.37129295
0.29358367 0.1760259
0.29608367 0.19079262
0.29858367 0.25511448
0.30108367 0.20883335
0.30358367 0.20616658
0.30608367 0.11386456
0.30858367 0.070169529
0.31108367 0.1114842
0.31358367 0.12290964
0.31608367 0.14040818
0.31858367 -0.076277046
0.32108367 0.052527146
0.32358367 0.044049716
0.32608367 0.0028029127
0.32858367 0.068956416
0.33108367 -0.0075225165
0.33358367 -0.085266115
0.33608367 -0.030938402
0.33858367 -0.046290277
0.34108367 0.0017046978
0.34358367 -0.13441246
0.34608367 -0.095755943
0.34858367 -0.041338947
0.35108367 -0.11352139
0.35358367 -0.044131541
0.35608367 -0.20475152
0.35858367 -0.11284474
0.36108367 -0.14248813
0.36358367 -0.18645133
0.36608367 -0.14070974
0.36858367 -0.25488003
0.37108367 -0.21301157
0.37358367 -0.12898941
0.37608367 -0.29139289
0.37858367 -0.19617341
0.38108367 -0.23721635
0.38358367 -0.25739772
0.38608367 -0.23062195
0.38858367 -0.33699471
0.39108367 -0.39038366
0.39358367 -0.14636607
0.39608367 -0.23836275
0.39858367 -0.36736222
0.40108367 -0.40342003
0.40358367 -0.4003183
0.40608367 -0.43548882
0.40858367 -0.060917333
0.41108367 -0.39134608
0.41358367 -0.55496158
0.41608367 -0.41587282
0.41858367 -0.15980962
0.42108367 -0.35217114
0.42358367 -0.47855128
0.42608367 -0.52851315
0.42858367 -0.50019852
0.43108367 -0.55519889
0.43358367 -0.057017468
0.43608367 -0.47361286
0.43858367 -0.50699637
0.44108367 -0.65464874
0.44358367 -0.22615894
0.44608367 -0.36132882
0.44858367 -0.53361056
0.45108367 -0.57631752
0.45358367 -0.56104496
0.45608367 -0.58967072
0.45858367 -0.032820954
0.46108367 -0.57752911
0.46358367 -0.60859181
0.46608367 -0.57178227
0.46858367 -0.67326794
0.47108367 0.0073081272
0.47358367 -0.6080426
0.47608367 -0.62623842
0.47858367 -0.60317316
0.48108367 -0.624151
0.48358367 -0.046309732
0.48608367 -0.60918473
0.48858367 -0.64135056
0.49108367 -0.63363793
0.49358367 -0.65285569
0.49608367 -0.039098839
0.49858367 -0.62246341
0.50108367 -0.64422786
0.50358367 -0.62302307
0.50608367 -0.64574528
0.50858367 -0.04583796
0.51108367 -0.62877879
0.51358367 -0.65478126
0.51608367 -0.62127297
0.51858367 -0.60307287
0.52108367 -0.042314696
0.52358367 -0.74366272
0.52608367 -0.60475514
0.52858367 -0.6112069
0.53108367 -0.67212356
0.53358367 -0.046690396
0.53608367 -0.62777109
0.53858367 -0.65010912
0.54108367 -0.62730621
0.54358367 -0.63819278
0.54608367 -0.044466795
0.54858367 -0.60327894
0.55108367 -0.60224636
0.55358367 -0.72697142
0.55608367 -0.28741787
0.55858367 -0.38937773
0.56108367 -0.60555804
0.56358367 -0.60730555
0.56608367 -0.59399597
0.56858367 -0.58571947
0.57108367 -0.041439131
0.57358367 -0.69467437
0.57608367 -0.60608884
0.57858367 -0.59193993
0.58108367 -0.53800398
0.58358367 -0.10303145
0.58608367 -0.56995167
0.58858367 -0.56151145
0.59108367 -0.70091228
0.59358367 -0.27681809
0.59608367 -0.32076013
0.59858367 -0.56205091
0.60108367 -0.56632466
0.60358367 -0.65601208
0.60608367 -0.44166141
0.60858367 -0.16214589
0.61108367 -0.5509352
0.61358367 -0.56483401
0.61608367 -0.52627554
0.61858367 -0.60025776
0.62108367 -0.11379857
0.62358367 -0.51723457
0.62608367 -0.53205711
0.62858367 -0.64961722
0.63108367 -0.45957834
0.63358367 -0.087796852
0.63608367 -0.52633717
0.63858367 -0.52354514
0.64108367 -0.63631553
0.64358367 -0.45984476
0.64608367 -0.25409251
0.64858367 -0.32476966
0.65108367 -0.6343317
0.65358367 -0.48722799
0.65608367 -0.51118578
0.65858367 -0.032671731
0.66108367 -0.60562227
0.66358367 -0.50015156
0.66608367 -0.48364832
0.66858367 -0.5502471
0.67108367 -0.10336106
0.67358367 -0.47832016
0.67608367 -0.50013511
0.67858367 -0.59520033
0.68108367 -0.45279833
0.68358367 -0.2217742
0.68608367 -0.3288916
0.68858367 -0.60179635
0.69108367 -0.47665324
0.69358367 -0.48790208
0.69608367 -0.036915365
0.69858367 -0.57585957
0.70108367 -0.48545965
0.70358367 -0.47634212
0.70608367 -0.52758451
0.70858367 -0.095000668
0.71108367 -0.45706208
0.71358367 -0.58950434
0.71608367 -0.45855384
0.71858367 -0.46277144
0.72108367 -0.063021623
0.72358367 -0.56453163
0.72608367 -0.47762273
0.72858367 -0.46702276
0.73108367 -0.52935568
0.73358367 -0.083023649
0.73608367 -0.46075992
0.73858367 -0.50004246
0.74108367 -0.54110101
0.74358367 -0.46591247
0.74608367 -0.060348773
0.74858367 -0.56599096
0.75108367 -0.48459556
0.75358367 -0.52021169
0.75608367 -0.49423571
0.75858367 -0.12258277
0.76108367 -0.46280808
0.76358367 -0.50986996
0.76608367 -0.5359531
0.76858367 -0.43928052
0.77108367 -0.071253125
0.77358367 -0.56872905
0.77608367 -0.48645868
0.77858367 -0.47462764
0.78108367 -0.54163446
0.78358367 -0.074124445
0.78608367 -0.46443239
0.78858367 -0.57653986
0.79108367 -0.47509841
0.79358367 -0.46949986
0.79608367 -0.019710554
0.79858367 -0.55046635
0.80108367 -0.4556928
0.80358367 -0.48733836
0.80608367 -0.5113215
0.80858367 -0.034053346
0.81108367 -0.42992755
0.81358367 -0.53879991
0.81608367 -0.45388769
0.81858367 -0.44162566
0.82108367 -0.053931578
0.82358367 -0.49991538
0.82608367 -0.43265979
0.82858367 -0.55128524
0.83108367 -0.41395131
0.83358367 -0.12227774
0.83608367 -0.3605799
0.83858367 -0.50460316
0.84108367 -0.45383337
0.84358367 -0.45616964
0.84608367 -0.015551074
0.84858367 -0.44514842
0.85108367 -0.41891747
0.85358367 -0.52075466
0.85608367 -0.34994532
0.85858367 -0.00127171
0.86108367 -0.48932074
0.86358367 -0.3819528
0.86608367 -0.42222682
0.86858367 -0.4298179
0.87108367 0.013707391
0.87358367 -0.37061966
0.87608367 -0.39857892
0.87858367 -0.39617559
0.88108367 -0.32706041
0.88358367 -0.11666797
0.88608367 -0.2760213
0.88858367 -0.31271816
0.89108367 -0.38934288
0.89358367 -0.31731378
0.89608367 0.030064963
0.89858367 -0.36283676
0.90108367 -0.29185777
0.90358367 -0.35136199
0.90608367 -0.36615647
0.90858367 0.037610805
0.91108367 -0.30516694
0.91358367 -0.33964381
0.91608367 -0.27959915
0.91858367 -0.44418682
0.92108367 0.090847571
0.92358367 -0.29349995
0.92608367 -0.28853121
0.92858367 -0.36305585
0.93108367 -0.27154704
0.93358367 0.084279265
0.93608367 -0.39897055
0.93858367 -0.25423492
0.94108367 -0.40938725
0.94358367 -0.28143737
0.94608367 0.017271897
0.94858367 -0.23378394
0.95108367 -0.34070059
0.95358367 -0.31637822
0.95608367 -0.37562576
0.95858367 0.10870234
0.96108367 -0.33371243
0.96358367 -0.40786461
0.96608367 -0.26891985
0.96858367 -0.36799391
0.97108367 -0.12114808
0.97358367 -0.19562755
0.97608367 -0.36646802
0.97858367 -0.36251236
0.98108367 -0.33870145
0.98358367 0.067596423
0.98608367 -0.38427345
0.98858367 -0.34565698
0.99108367 -0.33821152
0.99358367 -0.4526078
0.99608367 -0.13806617
0.99858367 -0.18844448
1.0010837 -0.43360798
1.0035837 -0.34016005
1.0060837 -0.40689514
1.0085837 -0.068050076
1.0110837 -0.32193644
1.0135837 -0.43980168
1.0160837 -0.34140661
1.0185837 -0.42727201
1.0210837 -0.048182657
1.0235837 -0.34487856
1.0260837 -0.35427026
1.0285837 -0.40798291
1.0310837 -0.32011127
1.0335837 -0.21967677
1.0360837 -0.2069767
1.0385837 -0.31224595
1.0410837 -0.36462921
1.0435837 -0.3100079
1.0460837 -0.021958366
1.0485837 -0.35451428
1.0510837 -0.29175491
1.0535837 -0.35032477
1.0560837 -0.28570984
1.0585837 -0.027005068
1.0610837 -0.34785499
1.0635837 -0.28360375
1.0660837 -0.35666356
1.0685837 -0.43006092
1.0710837 -0.15952283
1.0735837 -0.19148377
1.0760837 -0.39296284
1.0785837 -0.2874993
1.0810837 -0.38214469
1.0835837 -0.03308043
1.0860837 -0.27450019
1.0885837 -0.36799827
1.0910837 -0.25417085
1.0935837 -0.36671328
1.0960837 -0.11388321
1.0985837 -0.19711818
1.1010837 -0.33282796
1.1035837 -0.24233944
1.1060837 -0.312428
1.1085837 -0.15262667
1.1110837 -0.17398397
1.1135837 -0.35552174
1.1160837 -0.22999734
1.1185837 -0.32697932
1.1210837 -0.072556341
1.1235837 -0.19908279
1.1260837 -0.27932266
1.1285837 -0.19736804
1.1310837 -0.27491039
1.1335837 -0.077320605
1.1360837 -0.12192499
1.1385837 -0.25919612
1.1410837 -0.18814363
1.1435837 -0.28994889
1.1460837 -0.070455058
1.1485837 -0.091790643
1.1510837 -0.26197028
1.1535837 -0.16451218
1.1560837 -0.26709134
1.1585837 -0.082949403
1.1610837 -0.12453234
1.1635837 -0.25296182
1.1660837 -0.18553927
1.1685837 -0.23339497
1.1710837 -0.052862361
1.1735837 -0.2136142
1.1760837 -0.15479481
1.1785837 -0.2255169
1.1810837 -0.17654746
1.1835837 -0.10338857
1.1860837 -0.13046399
1.1885837 -0.18009748
1.1910837 -0.21120638
1.1935837 -0.15516668
1.1960837 -0.10770925
1.1985837 -0.13300992
1.2010837 -0.16596566
1.2035837 -0.21047919
1.2060837 -0.092727626
1.2085837 -0.17091464
1.2110837 -0.043382253
1.2135837 -0.0048264407
1.2160837 -0.016990347
1.2185837 -0.027993831
1.2210837 -0.0017777455
1.2235837 0.002249631
1.2260837 0.02438248
1.2285837 0.011824727
1.2310837 -0.16494256
1.2335837 -0.41014501
1.2360837 -0.54541955
1.2385837 -0.69663972
1.2410837 -0.51516831
1.2435837 -0.74576996
1.2460837 -0.4782753
1.2485837 -0.79508646
1.2510837 -0.86606995
1.2535837 -0.62832256
1.2560837 -0.79981261
1.2585837 -0.46866111
1.2610837 -0.94479271
1.2635837 -0.99162906
1.2660837 -0.64365833
1.2685837 -0.9316047
1.2710837 -0.31331369
1.2735837 -1.0111449
1.2760837 -1.0815435
1.2785837 -0.52386291
1.2810837 -1.1278028
1.2835837 -0.95681628
1.2860837 -0.58705271
1.2885837 -1.1179044
1.2910837 -0.40189657
1.2935837 -0.94115044
1.2960837 -1.1088021
1.2985837 -0.67230129
1.3010837 -0.99874575
1.3035837 -0.73830181
1.3060837 -0.79725467
1.3085837 -0.85574241
1.3110837 -0.82702221
1.3135837 -0.80154935
1.3160837 -0.8965098
1.3185837 -0.55335858
1.3210837 -1.0236001
1.3235837 -0.59113247
1.3260837 -1.0026231
1.3285837 -0.55610201
1.3310837 -0.854551
1.3335837 -0.86672696
1.3360837 -0.62901484
1.3385837 -0.94287056
1.3410837 -0.47550119
1.3435837 -1.0559734
1.3460837 -0.88927385
1.3485837 -0.59879093
1.3510837 -1.0480974
1.3535837 -0.95534785
1.3560837 -0.54330802
1.3585837 -0.80599592
1.3610837 -0.53487424
1.3635837 -0.81846514
1.3660837 -0.67377546
1.3685837 -0.73685713
1.3710837 -0.91978618
1.3735837 -0.45404437
1.3760837 -0.90135176
1.3785837 -0.6132487
1.3810837 -0.75966831
1.3835837 -0.91905689
1.3860837 -0.40459277
1.3885837 -0.729483
1.3910837 -0.50718855
1.3935837 -0.82915322
1.3960837 -0.82864135
1.3985837 -0.3679146
1.4010837 -0.74546795
1.4035837 -0.99027955
1.4060837 -0.26745635
1.4085837 -0.926118
1.4110837 -0.3233759
1.4135837 -0.85458779
1.4160837 -0.73902703
1.4185837 -0.53891948
1.4210837 -0.76433366
1.4235837 -0.29688754
1.4260837 -0.83057301
1.4285837 -0.64132077
1.4310837 -0.5067378
1.4335837 -0.86224285
1.4360837 -0.34317421
1.4385837 -0.71408974
1.4410837 -0.42311904
1.4435837 -0.8560315
1.4460837 -0.81827303
1.4485837 -0.51987473
1.4510837 -0.69108829
1.4535837 -0.73933919
1.4560837 -0.41236738
1.4585837 -0.94621505
1.4610837 -0.26093809
1.4635837 -0.70537634
1.4660837 -0.59284785
1.4685837 -0.72566653
1.4710837 -0.7586494
1.4735837 -0.34766197
1.4760837 -0.70899912
1.4785837 -0.49754366
1.4810837 -0.70236446
1.4835837 -0.9139918
1.4860837 -0.35667434
1.4885837 -0.71008078
1.4910837 -0.68636682
1.4935837 -0.4738148
1.4960837 -0.6432851
1.4985837 -0.28311665
1.5010837 -0.72258687
1.5035837 -0.40983789
1.5060837 -0.44938163
1.5085837 -0.499414
1.5110837 -0.36717646
1.5135837 -0.3768704
1.5160837 -0.63824982
1.5185837 -0.28061154
1.5210837 -0.79004945
1.5235837 -0.48572749
1.5260837 -0.63692474
1.5285837 -0.63403752
1.5310837 -0.46793095
1.5335837 -0.67253557
1.5360837 -0.33409494
1.5385837 -0.62488982
1.5410837 -0.57463028
1.5435837 -0.31805321
1.5460837 -0.64390553
1.5485837 -0.41362438
1.5510837 -0.65273499
1.5535837 -0.51641878
1.5560837 -0.37944372
1.5585837 -0.74438823
1.5610837 -0.39093082
1.5635837 -0.65635207
1.5660837 -0.46968312
1.5685837 -0.31677879
1.5710837 -0.75435948
1.5735837 -0.30339588
1.5760837 -0.64918026
1.5785837 -0.39539795
1.5810837 -0.3768251
1.5835837 -0.74325326
1.5860837 -0.3107588
1.5885837 -0.59107677
1.5910837 -0.51271444
1.5935837 -0.46275498
1.5960837 -0.7681382
1.5985837 -0.45670593
1.6010837 -0.51213527
1.6035837 -0.49953924
1.6060837 -0.40531402
1.6085837 -0.59012506
1.6110837 -0.47009355
1.6135837 -0.57650082
1.6160837 -0.57046975
1.6185837 -0.34098516
1.6210837 -0.53438843
1.6235837 -0.46432478
1.6260837 -0.61407184
1.6285837 -0.51015709
1.6310837 -0.36853426
1.6335837 -0.44295345
1.6360837 -0.48298789
1.6385837 -0.35551187
1.6410837 -0.50903824
1.6435837 -0.39093951
1.6460837 -0.32406273
1.6485837 -0.37330281
1.6510837 -0.11703802
1.6535837 0.17047208
1.6560837 -0.026383685
1.6585837 -0.068136614
1.6610837 -0.22158169
1.6635837 -0.40726709
1.6660837 -0.13138992
1.6685837 -0.47726178
1.6710837 -0.43321556
1.6735837 -0.20872933
1.6760837 -0.46634443
1.6785837 -0.21213988
1.6810837 -0.53502791
1.6835837 -0.58583335
1.6860837 -0.2655683
1.6885837 -0.60176514
1.6910837 -0.26158674
1.6935837 -0.55917183
1.6960837 -0.61578473
1.6985837 -0.36582345
1.7010837 -0.78135046
1.7035837 -0.65949053
1.7060837 -0.43389898
1.7085837 -0.72603689
1.7110837 -0.31993824
1.7135837 -0.81269374
1.7160837 -0.7542907
1.7185837 -0.4404699
1.7210837 -0.95449872
1.7235837 -0.36064835
1.7260837 -0.88657449
1.7285837 -0.60608371
1.7310837 -0.64275147
1.7335837 -0.86188291
1.7360837 -0.3718388
1.7385837 -0.9395954
1.7410837 -0.92906505
1.7435837 -0.45885414
1.7460837 -0.93706423
1.7485837 -0.3602007
1.7510837 -0.9316587
1.7535837 -0.76653369
1.7560837 -0.67655401
1.7585837 -0.92031462
1.7610837 -0.35483275
1.7635837 -0.95052178
1.7660837 -0.80505612
1.7685837 -0.52318068
1.7710837 -0.98294288
1.7735837 -0.66436175
1.7760837 -1.0200858
1.7785837 -0.96989413
1.7810837 -0.5363975
1.7835837 -1.1756619
1.7860837 -0.82008034
1.7885837 -0.72819809
1.7910837 -0.93285222
1.7935837 -0.5420092
1.7960837 -1.1388897
1.7985837 -0.6803078
1.8010837 -0.86695154
1.8035837 -0.95496243
1.8060837 -0.64530468
1.8085837 -0.75209821
1.8110837 -0.99329088
1.8135837 -0.68808771
1.8160837 -0.8582136
1.8185837 -0.54634529
1.8210837 -0.85635319
1.8235837 -0.80924097
1.8260837 -0.56264213
1.8285837 -0.61575664
1.8310837 -0.72360867
1.8335837 -0.72882597
1.8360837 -0.59962978
1.8385837 -0.59447165
1.8410837 -0.5221661
1.8435837 -0.65883323
1.8460837 -0.7540412
1.8485837 -0.49179548
1.8510837 -0.56628476
1.8535837 -0.59970368
1.8560837 -0.39736809
1.8585837 -0.71470657
1.8610837 -0.38461785
1.8635837 -0.63922616
1.8660837 -0.6301411
1.8685837 -0.44713849
1.8710837 -0.64977665
1.8735837 -0.6656321
1.8760837 -0.59533316
1.8785837 -0.6975553
1.8810837 -0.65392616
1.8835837 -0.403635
1.8860837 -0.7790943
1.8885837 -0.42240188
1.8910837 -0.85751075
1.8935837 -0.46812864
1.8960837 -0.52210971
1.8985837 -0.53141204
1.9010837 -0.5610467
1.9035837 -0.70183802
1.9060837 -0.49922093
1.9085837 -0.47181846
1.9110837 -0.48710547
1.9135837 -0.61544254
1.9160837 -0.46483228
1.9185837 -0.46568151
1.9210837 -0.46690829
1.9235837 -0.38041594
1.9260837 -0.38935901
1.9285837 -0.36505249
1.9310837 -0.095892897
1.9335837 -0.022607833
1.9360837 -0.020292011
1.9385837 -0.023159663
1.9410837 -0.023363129
1.9435837 -0.022207013
1.9460837 0.006086165
