-0.95891633 0.11511581
-0.95641633 0.17783015
-0.95391633 0.16671623
-0.95141633 0.11455921
-0.94891633 0.11664485
-0.94641633 0.090535493
-0.94391633 0.096335785
-0.94141633 0.07203955
-0.93891633 0.083910103
-0.93641633 0.081701323
-0.93391633 0.055660478
-0.93141633 0.071520809
-0.92891633 0.060255713
-0.92641633 0.071433552
-0.92391633 0.075647975
-0.92141633 0.32729782
-0.91891633 0.074720135
-0.91641633 0.066785386
-0.91391633 0.0620527
-0.91141633 0.79000241
-0.90891633 0.28593028
-0.90641633 0.1511411
-0.90391633 0.076654548
-0.90141633 0.070447803
-0.89891633 -0.013231725
-0.89641633 0.024850965
-0.89391633 0.022660739
-0.89141633 -0.019851977
-0.88891633 -0.018260576
-0.88641633 -0.031876126
-0.88391633 -0.10025871
-0.88141633 0.020955207
-0.87891633 -0.019055531
-0.87641633 -0.036401827
-0.87391633 -0.078880257
-0.87141633 -0.063139753
-0.86891633 -0.084359937
-0.86641633 0.043785302
-0.86391633 -0.15769553
-0.86141633 -0.052543089
-0.85891633 -0.070495182
-0.85641633 -0.07172413
-0.85391633 0.037128887
-0.85141633 -0.1091108
-0.84891633 -0.049382866
-0.84641633 -0.079678434
-0.84391633 -0.10053866
-0.84141633 0.038606913
-0.83891633 -0.085697462
-0.83641633 -0.1397506
-0.83391633 -0.10136621
-0.83141633 0.020372007
-0.82891633 -0.091381608
-0.82641633 -0.047249135
-0.82391633 -0.059425101
-0.82141633 -0.05006552
-0.81891633 -0.06352998
-0.81641633 0.020279135
-0.81391633 -0.084656081
-0.81141633 -0.053247008
-0.80891633 -0.05508679
-0.80641633 -0.083283287
-0.80391633 0.021040673
-0.80141633 -0.074390598
-0.79891633 -0.06263397
-0.79641633 -0.078277538
-0.79391633 -0.092702971
-0.79141633 0.023580651
-0.78891633 -0.029471996
-0.78641633 -0.0073572631
-0.78391633 -0.0030481487
-0.78141633 -0.024184398
-0.77891633 0.020600029
-0.77641633 -0.0020787298
-0.77391633 -0.013335476
-0.77141633 -0.0065389166
-0.76891633 -0.002530318
-0.76641633 0.006550699
-0.76391633 -0.0023606946
-0.76141633 -0.0045862739
-0.75891633 0.010633639
-0.75641633 -0.013884529
-0.75391633 0.015600485
-0.75141633 -0.0052282484
-0.74891633 0.050142142
-0.74641633 0.064611719
-0.74391633 0.048996966
-0.74141633 0.024777179
-0.73891633 0.054077472
-0.73641633 0.052588552
-0.73391633 0.077663971
-0.73141633 -0.0021515772
-0.72891633 0.050996404
-0.72641633 0.062567548
-0.72391633 0.057853137
-0.72141633 0.053071723
-0.71891633 0.053665723
-0.71641633 0.013545075
-0.71391633 0.063551488
-0.71141633 0.10982701
-0.70891633 0.11940085
-0.70641633 0.11369685
-0.70391633 0.0083038026
-0.70141633 0.11226904
-0.69891633 0.10175454
-0.69641633 0.091186746
-0.69391633 0.13386568
-0.69141633 0.010995591
-0.68891633 0.094451432
-0.68641633 0.098816411
-0.68391633 0.096374179
-0.68141633 0.087993259
-0.67891633 0.016336041
-0.67641633 0.092166358
-0.67391633 0.08563694
-0.67141633 0.07297521
-0.66891633 0.092754987
-0.66641633 0.12503213
-0.66391633 0.055683227
-0.66141633 0.13793862
-0.65891633 0.10912914
-0.65641633 0.066733558
-0.65391633 0.11646657
-0.65141633 0.050371067
-0.64891633 0.11348954
-0.64641633 0.094494824
-0.64391633 0.076379772
-0.64141633 0.06776088
-0.63891633 0.073571784
-0.63641633 0.10311668
-0.63391633 0.086039973
-0.63141633 0.12704253
-0.62891633 0.050873783
-0.62641633 0.098627559
-0.62391633 0.10555605
-0.62141633 0.095075547
-0.61891633 0.09500757
-0.61641633 0.079161543
-0.61391633 0.044431876
-0.61141633 0.12322567
-0.60891633 0.099580203
-0.60641633 0.075946072
-0.60391633 0.043037184
-0.60141633 0.09340217
-0.59891633 0.1084003
-0.59641633 0.10253062
-0.59391633 0.1141219
-0.59141633 0.033010243
-0.58891633 0.093106838
-0.58641633 0.097314161
-0.58391633 0.095075539
-0.58141633 0.10508201
-0.57891633 0.025410819
-0.57641633 0.0968036
-0.57391633 0.098610239
-0.57141633 0.092026917
-0.56891633 0.073464686
-0.56641633 0.035124398
-0.56391633 0.10815576
-0.56141633 0.084322091
-0.55891633 0.082233581
-0.55641633 0.06219849
-0.55391633 0.072562869
-0.55141633 0.050668132
-0.54891633 0.088601759
-0.54641633 0.076992528
-0.54391633 0.091131239
-0.54141633 0.058441366
-0.53891633 0.060683914
-0.53641633 0.09969993
-0.53391633 0.073534001
-0.53141633 0.46824958
-0.52891633 0.25590369
-0.52641633 0.077255733
-0.52391633 0.10184954
-0.52141633 0.08649138
-0.51891633 0.0030981063
-0.51641633 -0.02306572
-0.51391633 0.0015494055
-0.51141633 -0.0056338514
-0.50891633 -0.0096485087
-0.50641633 0.013339263
-0.50391633 0.010389249
-0.50141633 0.025092575
-0.49891633 0.030663767
-0.49641633 0.065460597
-0.49391633 0.072433707
-0.49141633 0.059349692
-0.48891633 0.066871479
-0.48641633 0.10281779
-0.48391633 0.13906372
-0.48141633 0.13487826
-0.47891633 0.088614977
-0.47641633 0.10522195
-0.47391633 0.161873
-0.47141633 0.15244716
-0.46891633 0.1294501
-0.46641633 0.17194328
-0.46391633 0.15491302
-0.46141633 0.18783724
-0.45891633 0.17835686
-0.45641633 0.11622738
-0.45391633 0.12839931
-0.45141633 0.22563079
-0.44891633 0.20705701
-0.44641633 0.2031196
-0.44391633 0.12071819
-0.44141633 0.16117213
-0.43891633 0.10798983
-0.43641633 0.17073253
-0.43391633 0.15066025
-0.43141633 0.086703785
-0.42891633 0.10097186
-0.42641633 0.17475371
-0.42391633 0.13744183
-0.42141633 0.17776981
-0.41891633 0.10956962
-0.41641633 0.14835753
-0.41391633 0.076029817
-0.41141633 0.081759584
-0.40891633 0.033430796
-0.40641633 0.0098346618
-0.40391633 0.20608055
-0.40141633 0.11700243
-0.39891633 0.044728811
-0.39641633 0.030908656
-0.39391633 0.051544566
-0.39141633 0.084186258
-0.38891633 0.075659889
-0.38641633 0.1397073
-0.38391633 0.11727049
-0.38141633 0.16418496
-0.37891633 0.16338573
-0.37641633 0.21614941
-0.37391633 0.22248137
-0.37141633 0.10101019
-0.36891633 0.23010594
-0.36641633 0.1777876
-0.36391633 0.094932235
-0.36141633 0.052593359
-0.35891633 0.040439723
-0.35641633 0.0090442751
-0.35391633 -0.014046621
-0.35141633 0.018498242
-0.34891633 -0.075008339
-0.34641633 -0.043254924
-0.34391633 -0.039346539
-0.34141633 -0.036068771
-0.33891633 -0.016633697
-0.33641633 1.3921578
-0.33391633 0.69814306
-0.33141633 -0.01064523
-0.32891633 -0.0035977998
-0.32641633 0.00094181775
-0.32391633 0.010251699
-0.32141633 0.012909558
-0.31891633 0.010921632
-0.31641633 0.026246572
-0.31391633 0.014220176
-0.31141633 0.038817244
-0.30891633 0.032655894
-0.30641633 0.02636508
-0.30391633 0.046106482
-0.30141633 0.03025367
-0.29891633 0.053220029
-0.29641633 0.05297116
-0.29391633 0.027748538
-0.29141633 0.053460731
-0.28891633 0.044586127
-0.28641633 0.050418394
-0.28391633 0.045837586
-0.28141633 0.045623987
-0.27891633 0.065955827
-0.27641633 0.026574344
-0.27391633 0.067792014
-0.27141633 0.059817613
-0.26891633 0.046853269
-0.26641633 0.056293573
-0.26391633 0.051762956
-0.26141633 0.072040444
-0.25891633 0.058842677
-0.25641633 0.05716627
-0.25391633 0.057429728
-0.25141633 0.055386514
-0.24891633 0.066266534
-0.24641633 0.0530341
-0.24391633 0.040631055
-0.24141633 0.041946288
-0.23891633 0.043572796
-0.23641633 0.033682891
-0.23391633 0.0038400072
-0.23141633 0.0013471859
-0.22891633 0.0030566493
-0.22641633 0.0032021883
-0.22391633 0.0030827247
-0.22141633 0.0027575932
-0.21891633 0.00081157824
-0.21641633 1.771526
-0.21391633 0.45430533
-0.21141633 0.20586542
-0.20891633 0.19148029
-0.20641633 -0.0078418767
-0.20391633 0.099423846
-0.20141633 0.046647686
-0.19891633 -0.024388347
-0.19641633 0.033051062
-0.19391633 -0.043085517
-0.19141633 -0.00075594354
-0.18891633 -0.02417589
-0.18641633 -0.02950648
-0.18391633 -0.023729942
-0.18141633 -0.048881591
-0.17891633 -0.041045545
-0.17641633 -0.039557447
-0.17391633 -0.053744812
-0.17141633 -0.029337303
-0.16891633 -0.054014607
-0.16641633 -0.052342875
-0.16391633 -0.055160357
-0.16141633 -0.064667921
-0.15891633 -0.045152195
-0.15641633 -0.037137761
-0.15391633 -0.058129637
-0.15141633 -0.05557858
-0.14891633 -0.070830238
-0.14641633 -0.050994303
-0.14391633 -0.03482069
-0.14141633 -0.063012022
-0.13891633 -0.063709727
-0.13641633 -0.047709256
-0.13391633 -0.051971023
-0.13141633 -0.030125631
-0.12891633 -0.062209004
-0.12641633 -0.041771225
-0.12391633 -0.068121993
-0.12141633 -0.010061011
-0.11891633 -0.065282804
-0.11641633 -0.042674955
-0.11391633 -0.051483773
-0.11141633 -0.043805322
-0.10891633 -0.048270271
-0.10641633 -0.021980049
-0.10391633 -0.038270629
-0.10141633 -0.04625432
-0.09891633 -0.037752704
-0.09641633 -0.048638614
-0.09391633 -0.0077463777
-0.09141633 -0.032377102
-0.08891633 -0.04300738
-0.08641633 0.0045510241
-0.08391633 -0.013812348
-0.08141633 0.11900122
-0.07891633 0.024014559
-0.07641633 0.05485229
-0.07391633 -0.082947409
-0.07141633 -0.01875805
-0.06891633 0.030470007
-0.06641633 0.11593621
-0.06391633 0.079217455
-0.06141633 0.051399726
-0.05891633 -0.0044588619
-0.05641633 0.0021929792
-0.05391633 -0.018637091
-0.05141633 -0.012891111
-0.04891633 -0.01586444
-0.04641633 -0.012564316
-0.04391633 -0.00033011219
-0.04141633 -0.012889281
-0.03891633 -0.00093394339
-0.03641633 -0.0019604827
-0.03391633 -0.00028606174
-0.03141633 -0.00024639513
-0.02891633 0.0020744621
-0.02641633 0.00027675407
-0.02391633 0.0016574205
-0.02141633 0.39275172
-0.01891633 -0.013933977
-0.01641633 -0.17771043
-0.01391633 -0.025395907
-0.01141633 0.082778154
-0.00891633 0.16012573
-0.00641633 0.18482661
-0.00391633 0.04351925
-0.00141633 0.0096852403
0.00108367 0.019940113
0.00358367 0.02058275
0.00608367 0.010526308
0.00858367 -0.0071744569
0.01108367 0.013095809
0.01358367 0.022592646
0.01608367 0.058931855
0.01858367 0.037293924
0.02108367 0.042522207
0.02358367 0.059374835
0.02608367 0.052300695
0.02858367 0.077859448
0.03108367 0.053789563
0.03358367 0.074039164
0.03608367 0.058938496
0.03858367 0.083332984
0.04108367 0.092205068
0.04358367 0.05764639
0.04608367 0.07111465
0.04858367 0.062589452
0.05108367 0.092189094
0.05358367 0.10708387
0.05608367 0.069880081
0.05858367 0.063581123
0.06108367 0.088054972
0.06358367 0.1006433
0.06608367 0.1857462
0.06858367 0.1228512
0.07108367 0.13139534
0.07358367 0.089342543
0.07608367 0.12910094
0.07858367 0.11119433
0.08108367 0.11539142
0.08358367 0.094218598
0.08608367 0.042091521
0.08858367 0.1445623
0.09108367 0.10776813
0.09358367 0.13538973
0.09608367 0.048733749
0.09858367 0.13815607
0.10108367 0.11061631
0.10358367 0.15773123
0.10608367 0.11764224
0.10858367 0.10427118
0.11108367 0.070989736
0.11358367 0.16526519
0.11608367 0.16994994
0.11858367 0.1300063
0.12108367 0.13304815
0.12358367 0.099655573
0.12608367 0.11331546
0.12858367 0.17771638
0.13108367 0.16391053
0.13358367 0.17703064
0.13608367 0.042001742
0.13858367 0.17798515
0.14108367 0.18221366
0.14358367 0.17288171
0.14608367 0.1869363
0.14858367 0.12372086
0.15108367 0.18494374
0.15358367 0.19361429
0.15608367 0.18733159
0.15858367 0.13486762
0.16108367 0.18998551
0.16358367 0.28809335
0.16608367 0.20327437
0.16858367 0.19808203
0.17108367 0.29881979
0.17358367 0.14326703
0.17608367 0.30848762
0.17858367 0.32871727
0.18108367 0.32156925
0.18358367 0.34759113
0.18608367 0.31734197
0.18858367 0.46518512
0.19108367 0.56993741
0.19358367 0.68387667
0.19608367 1.2059172
0.19858367 -0.0050171562
0.20108367 -0.0042228211
0.20358367 -0.0053377392
0.20608367 -0.0028514117
0.20858367 -0.0053025654
0.21108367 -0.00086873531
0.21358367 0.00067341071
0.21608367 0.0019368632
0.21858367 0.0020943355
0.22108367 0.0002926477
0.22358367 0.0019501386
0.22608367 0.0020510784
0.22858367 0.0020174174
0.23108367 0.0026737604
0.23358367 0.0052300922
0.23608367 0.0092182662
0.23858367 0.025750685
0.24108367 0.038837306
0.24358367 0.052265616
0.24608367 0.050940346
0.24858367 0.06887317
0.25108367 0.078221578
0.25358367 0.067351873
0.25608367 0.091519226
0.25858367 0.092228481
0.26108367 -0.040925303
0.26358367 -0.2509149
0.26608367 -0.21612748
0.26858367 -0.25786676
0.27108367 -0.20401044
0.27358367 -0.1721846
0.27608367 -0.20919377
0.27858367 -0.24146793
0.28108367 -0.16071683
0.28358367 -0.22159916
0.28608367 -0.23283251
0.28858367 -0.26050911
0.29108367 -0.26079619
0.29358367 -0.2184844
0.29608367 -0.28348333
0.29858367 -0.20717227
0.30108367 -0.32278902
0.30358367 -0.16585988
0.30608367 -0.27953001
0.30858367 -0.32609264
0.31108367 -0.30415607
0.31358367 -0.32710176
0.31608367 -0.32394174
0.31858367 -0.16643468
0.32108367 -0.25343349
0.32358367 -0.3092178
0.32608367 -0.31509645
0.32858367 -0.26100732
0.33108367 -0.19196726
0.33358367 -0.30887573
0.33608367 -0.15004676
0.33858367 -0.30437078
0.34108367 -0.25393281
0.34358367 -0.13281026
0.34608367 -0.20942839
0.34858367 -0.20109129
0.35108367 -0.23909371
0.35358367 -0.1702445
0.35608367 -0.16614324
0.35858367 -0.19122597
0.36108367 -0.1608465
0.36358367 -0.24207016
0.36608367 -0.15167642
0.36858367 -0.10883265
0.37108367 -0.1892294
0.37358367 -0.11638263
0.37608367 -0.17616744
0.37858367 -0.18222686
0.38108367 -0.1129463
0.38358367 -0.084767437
0.38608367 -0.15857604
0.38858367 -0.14567193
0.39108367 -0.11460584
0.39358367 -0.12500665
0.39608367 -0.050998562
0.39858367 -0.12638255
0.40108367 -0.10243076
0.40358367 -0.10898547
0.40608367 -0.062530661
0.40858367 -0.077278881
0.41108367 -0.070626152
0.41358367 -0.11238331
0.41608367 -0.080072014
0.41858367 -0.08433229
0.42108367 -0.006213995
0.42358367 -0.085560403
0.42608367 -0.072129678
0.42858367 -0.039485516
0.43108367 -0.085924713
0.43358367 0.0020202727
0.43608367 -0.033604383
0.43858367 -0.028043876
0.44108367 -0.046526034
0.44358367 -0.013894701
0.44608367 -0.027778407
0.44858367 -0.0086343009
0.45108367 -0.023469367
0.45358367 -0.01312962
0.45608367 -0.045038487
0.45858367 0.040594822
0.46108367 -0.0089991712
0.46358367 -0.0086243518
0.46608367 0.019276811
0.46858367 -0.019550008
0.47108367 0.019612737
0.47358367 0.019017738
0.47608367 0.036905707
0.47858367 0.020823391
0.48108367 0.020900512
0.48358367 -0.0062077402
0.48608367 0.04761208
0.48858367 0.025245832
0.49108367 0.039884553
0.49358367 0.017468145
0.49608367 0.040824991
0.49858367 0.048581038
0.50108367 0.054518698
0.50358367 0.057939485
0.50608367 0.02704116
0.50858367 0.040672376
0.51108367 0.058754863
0.51358367 0.065789813
0.51608367 0.089342859
0.51858367 0.043803848
0.52108367 0.022059744
0.52358367 0.090464693
0.52608367 0.088153446
0.52858367 0.0760877
0.53108367 0.045079766
0.53358367 0.036797248
0.53608367 0.089460906
0.53858367 0.10654498
0.54108367 0.094716036
0.54358367 0.096111039
0.54608367 0.0043784606
0.54858367 0.10617031
0.55108367 0.099128802
0.55358367 0.11836169
0.55608367 0.031032306
0.55858367 0.088133133
0.56108367 0.1169128
0.56358367 0.10792319
0.56608367 0.10742757
0.56858367 0.10807078
0.57108367 0.0096600436
0.57358367 0.14572753
0.57608367 0.12103232
0.57858367 0.12050497
0.58108367 0.091667665
0.58358367 0.024856152
0.58608367 0.13497458
0.58858367 0.11357438
0.59108367 0.15307057
0.59358367 0.037805353
0.59608367 0.084955384
0.59858367 0.12186393
0.60108367 0.13479233
0.60358367 0.15036741
0.60608367 0.079322478
0.60858367 0.049470819
0.61108367 0.13661509
0.61358367 0.12525571
0.61608367 0.13539587
0.61858367 0.12490461
0.62108367 0.038430991
0.62358367 0.13885516
0.62608367 0.13235881
0.62858367 0.16193207
0.63108367 0.10934037
0.63358367 0.02930767
0.63608367 0.13477656
0.63858367 0.12808755
0.64108367 0.16466503
0.64358367 0.093182807
0.64608367 0.085987834
0.64858367 0.078095968
0.65108367 0.17614373
0.65358367 0.12331098
0.65608367 0.10948161
0.65858367 0.017582881
0.66108367 0.17935002
0.66358367 0.12154332
0.66608367 0.12701959
0.66858367 0.13268999
0.67108367 0.026240809
0.67358367 0.13990574
0.67608367 0.12209918
0.67858367 0.16203734
0.68108367 0.10707686
0.68358367 0.075372308
0.68608367 0.082267431
0.68858367 0.16084784
0.69108367 0.12102427
0.69358367 0.088883913
0.69608367 0.047390476
0.69858367 0.15552417
0.70108367 0.11802387
0.70358367 0.14133462
0.70608367 0.10009724
0.70858367 0.062825046
0.71108367 0.10392027
0.71358367 0.17661983
0.71608367 0.11626996
0.71858367 0.074299596
0.72108367 0.046977058
0.72358367 0.17486256
0.72608367 0.11678151
0.72858367 0.11771159
0.73108367 0.10448253
0.73358367 0.14852612
0.73608367 0.60488501
0.73858367 0.52317367
0.74108367 0.44015434
0.74358367 0.2801916
0.74608367 0.22095265
0.74858367 0.28353324
0.75108367 0.27192148
0.75358367 0.23001695
0.75608367 0.20965556
0.75858367 0.15649564
0.76108367 0.19983383
0.76358367 0.19793036
0.76608367 0.17588825
0.76858367 0.11036143
0.77108367 0.10604398
0.77358367 0.15245989
0.77608367 0.10757231
0.77858367 0.12710285
0.78108367 0.08106182
0.78358367 0.031009447
0.78608367 0.10508802
0.78858367 0.11260448
0.79108367 0.087806717
0.79358367 0.045038585
0.79608367 0.013578839
0.79858367 0.10554899
0.80108367 0.051950745
0.80358367 0.10883827
0.80608367 0.037721203
0.80858367 -0.0069453132
0.81108367 0.068950831
0.81358367 0.069898601
0.81608367 0.069332252
0.81858367 -0.0056088653
0.82108367 0.0062194415
0.82358367 0.07345922
0.82608367 0.022044263
0.82858367 0.11548094
0.83108367 -0.017832008
0.83358367 0.020956228
0.83608367 0.031475207
0.83858367 0.083633666
0.84108367 0.087246671
0.84358367 0.032288372
0.84608367 0.016167686
0.84858367 0.096299161
0.85108367 0.070892169
0.85358367 0.15095383
0.85608367 0.15627254
0.85858367 0.038633199
0.86108367 0.16022441
0.86358367 0.082001463
0.86608367 0.097853189
0.86858367 0.063255472
0.87108367 0.029058463
0.87358367 0.07729188
0.87608367 0.082775636
0.87858367 0.10521459
0.88108367 0.037264585
0.88358367 0.098223189
0.88608367 0.062365366
0.88858367 0.085638523
0.89108367 0.10763809
0.89358367 0.060636148
0.89608367 0.08540591
0.89858367 0.10472599
0.90108367 0.11446789
0.90358367 0.14167732
0.90608367 0.096644367
0.90858367 0.08565948
0.91108367 0.09025616
0.91358367 0.16861461
0.91608367 0.11850441
0.91858367 0.14362532
0.92108367 0.077877307
0.92358367 0.11561483
0.92608367 0.15514143
0.92858367 0.18175288
0.93108367 0.099055123
0.93358367 0.11715652
0.93608367 0.15434829
0.93858367 0.2006724
0.94108367 0.21627889
0.94358367 0.12886785
0.94608367 0.19645957
0.94858367 0.14121968
0.95108367 0.24286635
0.95358367 0.24556354
0.95608367 0.23570265
0.95858367 0.21317382
0.96108367 0.2721245
0.96358367 0.50394356
0.96608367 0.28904101
0.96858367 0.16923427
0.97108367 1.9890217
0.97358367 0.30063559
0.97608367 -0.32339314
0.97858367 0.04863646
0.98108367 -0.090899174
0.98358367 0.24542455
0.98608367 0.41255772
0.98858367 0.73408229
0.99108367 0.80955681
0.99358367 0.81332269
0.99608367 1.4717437
0.99858367 0.076696155
1.0010837 0.18706813
1.0035837 0.13024297
1.0060837 0.13813188
1.0085837 0.078235183
1.0110837 0.11571909
1.0135837 0.17466307
1.0160837 0.14569579
1.0185837 0.14611576
1.0210837 0.080396348
1.0235837 0.16514249
1.0260837 0.17515871
1.0285837 0.22153464
1.0310837 0.13987618
1.0335837 0.17771183
1.0360837 0.068660224
1.0385837 0.079372791
1.0410837 0.076263897
1.0435837 0.01024842
1.0460837 -0.040776022
1.0485837 0.1152397
1.0510837 0.084514137
1.0535837 0.11912345
1.0560837 0.068734077
1.0585837 0.021183906
1.0610837 0.11298497
1.0635837 0.077510889
1.0660837 0.065545562
1.0685837 0.064286998
1.0710837 0.053280968
1.0735837 0.029527991
1.0760837 0.10475315
1.0785837 0.078831122
1.0810837 0.097851334
1.0835837 0.015755663
1.0860837 0.069833419
1.0885837 0.11326022
1.0910837 0.083698989
1.0935837 0.10083691
1.0960837 0.050622484
1.0985837 0.06272652
1.1010837 0.11353985
1.1035837 0.088995403
1.1060837 4.0118769
1.1085837 0.073719985
1.1110837 0.037636287
1.1135837 0.11214693
1.1160837 0.10112922
1.1185837 0.10773966
1.1210837 0.030367541
1.1235837 0.087190588
1.1260837 0.10680326
1.1285837 0.09389426
1.1310837 0.46997862
1.1335837 0.055336721
1.1360837 0.025257715
1.1385837 0.088406795
1.1410837 0.076615455
1.1435837 0.096431378
1.1460837 0.053634809
1.1485837 0.017464639
1.1510837 0.097695055
1.1535837 0.069254485
1.1560837 0.087489026
1.1585837 0.70514374
1.1610837 0.029117205
1.1635837 0.082374674
1.1660837 0.073889717
1.1685837 0.069501369
1.1710837 0.041823649
1.1735837 0.074358186
1.1760837 0.055655311
1.1785837 0.22984896
1.1810837 0.12324217
1.1835837 0.1008418
1.1860837 0.042979432
1.1885837 0.056997476
1.1910837 0.080016293
1.1935837 0.0066576932
1.1960837 0.049002052
1.1985837 0.031807711
1.2010837 0.05488986
1.2035837 0.11778396
1.2060837 0.011040144
1.2085837 0.08698944
1.2110837 2.2282225
1.2135837 6.1480871
1.2160837 0.10473295
1.2185837 0.099018978
1.2210837 0.13167486
1.2235837 0.097654194
1.2260837 0.10278402
1.2285837 -0.020852621
1.2310837 -0.06197449
1.2335837 -0.34653897
1.2360837 -0.47767042
1.2385837 -0.44895202
1.2410837 -0.43704113
1.2435837 -0.47527555
1.2460837 -0.23710587
1.2485837 -0.56519813
1.2510837 -0.48238353
1.2535837 -0.21041748
1.2560837 -0.28759003
1.2585837 -0.17316654
1.2610837 -0.49039005
1.2635837 -0.36688463
1.2660837 -0.1280985
1.2685837 -0.29079187
1.2710837 0.03086929
1.2735837 -0.3482546
1.2760837 -0.27058727
1.2785837 0.042755941
1.2810837 -0.14172564
1.2835837 -0.12539999
1.2860837 -0.11732707
1.2885837 -0.13294369
1.2910837 0.066412194
1.2935837 -0.086793695
1.2960837 -0.097938716
1.2985837 -0.087944703
1.3010837 -0.00027708142
1.3035837 0.045857306
1.3060837 0.030785212
1.3085837 0.00078283774
1.3110837 -0.11789224
1.3135837 0.31104441
1.3160837 0.081102636
1.3185837 0.025270121
1.3210837 -0.029381434
1.3235837 -0.18514856
1.3260837 -0.088220872
1.3285837 -0.069321035
1.3310837 0.0041932073
1.3335837 -0.089591563
1.3360837 -0.21324266
1.3385837 -0.097773082
1.3410837 0.030332895
1.3435837 -0.21070284
1.3460837 -0.043823835
1.3485837 -0.0716056
1.3510837 0.016355336
1.3535837 -0.0012981152
1.3560837 -0.13264467
1.3585837 -0.14118642
1.3610837 -0.12135269
1.3635837 -0.1165169
1.3660837 -0.07378875
1.3685837 -0.097470054
1.3710837 -0.10292833
1.3735837 -0.095895319
1.3760837 -0.082945212
1.3785837 0.014524627
1.3810837 -0.011661962
1.3835837 0.0049466247
1.3860837 -0.047900018
1.3885837 -0.021764851
1.3910837 -0.012774099
1.3935837 0.035927513
1.3960837 -0.013375165
1.3985837 -0.0081522408
1.4010837 -0.0034544193
1.4035837 0.075966382
1.4060837 -0.026420468
1.4085837 0.034315491
1.4110837 -0.00074599161
1.4135837 0.1042266
1.4160837 0.12316381
1.4185837 0.045700959
1.4210837 0.071488207
1.4235837 0.0425907
1.4260837 0.10467439
1.4285837 0.11562374
1.4310837 0.064899898
1.4335837 0.10985327
1.4360837 0.056104775
1.4385837 0.10658677
1.4410837 0.066862747
1.4435837 0.16621487
1.4460837 0.12610267
1.4485837 0.10753189
1.4510837 0.1204079
1.4535837 0.1760913
1.4560837 0.044136215
1.4585837 0.19021533
1.4610837 0.050702165
1.4635837 0.16087692
1.4660837 0.16458561
1.4685837 0.073954985
1.4710837 -0.21111283
1.4735837 -0.16300692
1.4760837 0.02923519
1.4785837 0.079363606
1.4810837 0.090119846
1.4835837 0.23008681
1.4860837 0.067043574
1.4885837 0.13524829
1.4910837 0.099322302
1.4935837 0.083671471
1.4960837 0.22378494
1.4985837 0.11042044
1.5010837 0.2548048
1.5035837 0.18229881
1.5060837 0.1418265
1.5085837 0.20944628
1.5110837 0.00055668568
1.5135837 0.23465871
1.5160837 0.53012521
1.5185837 0.25109228
1.5210837 0.55108059
1.5235837 0.55362642
1.5260837 0.82214357
1.5285837 1.0203404
1.5310837 0.72033658
1.5335837 0.81051311
1.5360837 0.22580613
1.5385837 0.28120358
1.5410837 0.3002169
1.5435837 0.16893379
1.5460837 0.31159171
1.5485837 0.16398136
1.5510837 0.34053402
1.5535837 0.31297438
1.5560837 0.20885862
1.5585837 0.35748091
1.5610837 0.30111318
1.5635837 0.4237561
1.5660837 0.36315368
1.5685837 0.26650163
1.5710837 0.38821843
1.5735837 0.25145674
1.5760837 0.41079739
1.5785837 0.36228701
1.5810837 0.26155524
1.5835837 0.39875635
1.5860837 0.26987998
1.5885837 0.47980065
1.5910837 0.44642943
1.5935837 0.37111314
1.5960837 0.49091875
1.5985837 0.40222258
1.6010837 0.38437201
1.6035837 0.45104266
1.6060837 0.32324893
1.6085837 0.46153772
1.6110837 0.27888443
1.6135837 0.49576388
1.6160837 0.432932
1.6185837 0.35182593
1.6210837 0.3857669
1.6235837 0.4435431
1.6260837 0.52676087
1.6285837 0.55895453
1.6310837 0.3777295
1.6335837 0.55940852
1.6360837 0.36394961
1.6385837 0.46406821
1.6410837 0.60885438
1.6435837 0.58486603
1.6460837 0.64227505
1.6485837 0.55011197
1.6510837 1.0520821
1.6535837 0.60186442
1.6560837 0.30099894
1.6585837 0.26658834
1.6610837 0.29734514
1.6635837 0.096856767
1.6660837 0.2849012
1.6685837 0.52176298
1.6710837 15.15942
1.6735837 0.15975525
1.6760837 0.2651488
1.6785837 0.26914682
1.6810837 0.26417477
1.6835837 0.32809211
1.6860837 0.19760203
1.6885837 0.33900841
1.6910837 0.31152455
1.6935837 0.44624233
1.6960837 0.35438321
1.6985837 0.23601599
1.7010837 0.57138288
1.7035837 0.45846575
1.7060837 0.51322355
1.7085837 0.62287988
1.7110837 0.44785508
1.7135837 0.66989867
1.7160837 0.69148539
1.7185837 0.76055528
1.7210837 1.1781705
1.7235837 1.0150428
1.7260837 1.9446944
1.7285837 0.19929145
1.7310837 0.21853622
1.7335837 0.2926781
1.7360837 0.13156732
1.7385837 0.321051
1.7410837 0.32055517
1.7435837 0.18485795
1.7460837 0.40127559
1.7485837 0.15203145
1.7510837 0.39390124
1.7535837 0.34981976
1.7560837 0.29110433
1.7585837 0.40376766
1.7610837 0.15969903
1.7635837 0.43951154
1.7660837 0.37702308
1.7685837 0.24284511
1.7710837 0.46098912
1.7735837 0.31775841
1.7760837 0.50932724
1.7785837 0.57701559
1.7810837 0.29340642
1.7835837 0.68862853
1.7860837 0.4970467
1.7885837 0.43144196
1.7910837 0.57750213
1.7935837 0.33594466
1.7960837 0.88856584
1.7985837 0.50531316
1.8010837 0.6627993
1.8035837 0.75279794
1.8060837 0.5030586
1.8085837 0.62698648
1.8110837 0.82635519
1.8135837 0.60926063
1.8160837 0.85018058
1.8185837 0.51770442
1.8210837 0.8379343
1.8235837 0.83558628
1.8260837 0.58738871
1.8285837 0.68061584
1.8310837 0.89106231
1.8335837 0.91366118
1.8360837 0.74776136
1.8385837 0.94766282
1.8410837 1.2635808
1.8435837 1.5311913
1.8460837 1.5308055
1.8485837 0.44190317
1.8510837 0.32883196
1.8535837 0.2913152
1.8560837 0.27657738
1.8585837 0.44504914
1.8610837 0.24814959
1.8635837 0.40127165
1.8660837 0.45099438
1.8685837 0.36110438
1.8710837 0.48586331
1.8735837 0.50758503
1.8760837 0.52778793
1.8785837 0.67670549
1.8810837 0.63405994
1.8835837 0.40012876
1.8860837 0.75250176
1.8885837 0.44019939
1.8910837 1.0072612
1.8935837 0.58736317
1.8960837 0.67038366
1.8985837 0.67179966
1.9010837 0.71646341
1.9035837 0.93398365
1.9060837 0.68762595
1.9085837 0.71395745
1.9110837 0.78348636
1.9135837 0.97669821
1.9160837 0.84207128
1.9185837 0.88465031
1.9210837 1.0295917
1.9235837 0.98902607
1.9260837 1.3278455
1.9285837 1.3065551
1.9310837 1.9891598
1.9335837 1.094889
1.9360837 0.10688142
1.9385837 0.15233489
1.9410837 0.15580483
1.9435837 1.2720132
1.9460837 2.4826799
