-0.95891633 0.0013568166
-0.95641633 0.0077967305
-0.95391633 0.013697184
-0.95141633 0.013241619
-0.94891633 0.019116068
-0.94641633 0.02212977
-0.94391633 0.019206704
-0.94141633 0.022149857
-0.93891633 0.027439339
-0.93641633 0.030779816
-0.93391633 0.025325989
-0.93141633 0.029679958
-0.92891633 0.020695315
-0.92641633 0.023203909
-0.92391633 0.020118613
-0.92141633 0.018772476
-0.91891633 0.0085606529
-0.91641633 -0.0009026929
-0.91391633 0.01659362
-0.91141633 0.15433666
-0.90891633 0.35968507
-0.90641633 0.094124121
-0.90391633 -0.016017174
-0.90141633 -0.031842873
-0.89891633 -0.18741584
-0.89641633 -0.082071857
-0.89391633 -0.053867873
-0.89141633 -0.26579422
-0.88891633 -0.22390552
-0.88641633 -0.28523972
-0.88391633 -0.60705319
-0.88141633 -0.09349542
-0.87891633 -0.22011057
-0.87641633 -0.30669968
-0.87391633 -0.64799009
-0.87141633 -0.40399679
-0.86891633 -0.40521678
-0.86641633 0.006153624
-0.86391633 -0.94105689
-0.86141633 -0.55028452
-0.85891633 -0.59304618
-0.85641633 -0.55489266
-0.85391633 -0.017350432
-0.85141633 -1.0082766
-0.84891633 -0.5807306
-0.84641633 -0.61726268
-0.84391633 -0.67021265
-0.84141633 -0.014547963
-0.83891633 -0.65962304
-0.83641633 -1.1963783
-0.83391633 -0.74718627
-0.83141633 -0.16556746
-0.82891633 -0.82176432
-0.82641633 -0.7692826
-0.82391633 -0.98044551
-0.82141633 -0.84062997
-0.81891633 -0.81430273
-0.81641633 -0.0053002241
-0.81391633 -1.3876412
-0.81141633 -0.82921451
-0.80891633 -0.86723685
-0.80641633 -0.94269078
-0.80391633 -0.020245727
-0.80141633 -0.99825887
-0.79891633 -1.0307341
-0.79641633 -1.0713347
-0.79391633 -1.1255753
-0.79141633 0.0070242714
-0.78891633 -1.1854607
-0.78641633 -1.1794669
-0.78391633 -1.1007561
-0.78141633 -1.1419532
-0.77891633 -0.016569496
-0.77641633 -0.94475625
-0.77391633 -1.6212436
-0.77141633 -0.96042485
-0.76891633 -0.19297842
-0.76641633 -0.83781116
-0.76391633 -1.096065
-0.76141633 -1.134568
-0.75891633 -1.1514455
-0.75641633 -1.1686669
-0.75391633 -0.0097506834
-0.75141633 -1.189754
-0.74891633 -1.2694776
-0.74641633 -1.2505532
-0.74391633 -1.1774219
-0.74141633 -0.013994902
-0.73891633 -1.0924441
-0.73641633 -0.9896252
-0.73391633 -1.4829643
-0.73141633 -0.18884212
-0.72891633 -1.1426427
-0.72641633 -0.90233685
-0.72391633 -1.1480807
-0.72141633 -1.0598426
-0.71891633 -1.1231825
-0.71641633 -0.010281345
-0.71391633 -1.1375318
-0.71141633 -1.1771574
-0.70891633 -1.1433464
-0.70641633 -1.0823279
-0.70391633 -0.0096284242
-0.70141633 -1.040106
-0.69891633 -0.97292351
-0.69641633 -0.86841331
-0.69391633 -1.3070775
-0.69141633 -0.025776544
-0.68891633 -1.001459
-0.68641633 -0.95409653
-0.68391633 -0.89845073
-0.68141633 -0.90640131
-0.67891633 -0.019658398
-0.67641633 -0.88325052
-0.67391633 -0.79991835
-0.67141633 -0.77409717
-0.66891633 -0.93923025
-0.66641633 -0.67823127
-0.66391633 -0.48463341
-0.66141633 -0.99795657
-0.65891633 -0.79225567
-0.65641633 -0.54971344
-0.65391633 -0.61082822
-0.65141633 -0.45955274
-0.64891633 -0.81157161
-0.64641633 -0.71398536
-0.64391633 -0.61362855
-0.64141633 -0.49244704
-0.63891633 -0.43611049
-0.63641633 -0.67097973
-0.63391633 -0.46793945
-0.63141633 -0.77469612
-0.62891633 -0.41981619
-0.62641633 -0.48678503
-0.62391633 -0.66880739
-0.62141633 -0.5054672
-0.61891633 -0.53028239
-0.61641633 -0.58368794
-0.61391633 -0.20189395
-0.61141633 -0.7178474
-0.60891633 -0.50121691
-0.60641633 -0.63320251
-0.60391633 -0.15878133
-0.60141633 -0.50316766
-0.59891633 -0.56585795
-0.59641633 -0.43879991
-0.59391633 -0.75485169
-0.59141633 -0.038410407
-0.58891633 -0.52495684
-0.58641633 -0.52789262
-0.58391633 -0.42208158
-0.58141633 -0.6582446
-0.57891633 0.0086577567
-0.57641633 -0.56499908
-0.57391633 -0.4534173
-0.57141633 -0.45245208
-0.56891633 -0.48480519
-0.56641633 0.061167386
-0.56391633 -0.53659164
-0.56141633 -0.43808125
-0.55891633 -0.42871717
-0.55641633 -0.40681463
-0.55391633 -0.24951862
-0.55141633 -0.21913286
-0.54891633 -0.38770155
-0.54641633 -0.3037808
-0.54391633 -0.50898809
-0.54141633 -0.080670415
-0.53891633 -0.25320756
-0.53641633 -0.32686307
-0.53391633 -0.2908403
-0.53141633 -0.25031142
-0.52891633 -0.019859602
-0.52641633 -0.075394205
-0.52391633 -0.20684808
-0.52141633 -0.18693984
-0.51891633 -0.15066427
-0.51641633 -0.21132524
-0.51391633 -0.28933677
-0.51141633 -0.34201211
-0.50891633 -0.35058852
-0.50641633 -0.46829014
-0.50391633 -0.044343371
-0.50141633 -0.48750003
-0.49891633 -0.48072586
-0.49641633 -0.51604928
-0.49391633 -0.41829162
-0.49141633 -0.47404149
-0.48891633 -0.34551783
-0.48641633 -0.55054627
-0.48391633 -0.52904502
-0.48141633 -0.54028259
-0.47891633 -0.2512113
-0.47641633 -0.38469074
-0.47391633 -0.57901601
-0.47141633 -0.46201664
-0.46891633 -0.36615969
-0.46641633 -0.40562252
-0.46391633 -0.38582061
-0.46141633 -0.47906533
-0.45891633 -0.39890677
-0.45641633 -0.31572106
-0.45391633 -0.25187831
-0.45141633 -0.44969447
-0.44891633 -0.45551113
-0.44641633 -0.37993631
-0.44391633 -0.28516606
-0.44141633 -0.23033241
-0.43891633 -0.19779514
-0.43641633 -0.32418353
-0.43391633 -0.3000663
-0.43141633 -0.19559982
-0.42891633 -0.17649828
-0.42641633 -0.30698727
-0.42391633 -0.19765788
-0.42141633 -0.26251664
-0.41891633 -0.031685736
-0.41641633 -0.15415602
-0.41391633 -0.068708527
-0.41141633 -0.091597804
-0.40891633 -0.01315622
-0.40641633 -0.040568807
-0.40391633 0.022074112
-0.40141633 -0.016941862
-0.39891633 -0.19950252
-0.39641633 -0.15814394
-0.39391633 -0.29605333
-0.39141633 -0.34536205
-0.38891633 -0.26576787
-0.38641633 -0.41155924
-0.38391633 -0.33001469
-0.38141633 -0.4406072
-0.37891633 -0.37223549
-0.37641633 -0.39300024
-0.37391633 -0.3528436
-0.37141633 -0.16015677
-0.36891633 -0.36108272
-0.36641633 -0.25180654
-0.36391633 -0.13889168
-0.36141633 -0.10091254
-0.35891633 -0.028914242
-0.35641633 0.070564489
-0.35391633 0.1609175
-0.35141633 0.016598982
-0.34891633 0.17975146
-0.34641633 0.1273984
-0.34391633 0.133251
-0.34141633 0.12961657
-0.33891633 0.071856335
-0.33641633 0.17635393
-0.33391633 0.13757853
-0.33141633 0.15498638
-0.32891633 0.15360561
-0.32641633 0.087705625
-0.32391633 0.15715861
-0.32141633 0.15166532
-0.31891633 0.11812243
-0.31641633 0.18149632
-0.31391633 0.071529011
-0.31141633 0.14351539
-0.30891633 0.13511733
-0.30641633 0.10716155
-0.30391633 0.16516813
-0.30141633 0.091521055
-0.29891633 0.14068103
-0.29641633 0.15169527
-0.29391633 0.076015513
-0.29141633 0.14719922
-0.28891633 0.1086639
-0.28641633 0.11948101
-0.28391633 0.092091099
-0.28141633 0.097677433
-0.27891633 0.15003296
-0.27641633 0.055049235
-0.27391633 0.13056214
-0.27141633 0.09196932
-0.26891633 0.088001127
-0.26641633 0.10838562
-0.26391633 0.093709917
-0.26141633 0.11741366
-0.25891633 0.076525782
-0.25641633 0.082947757
-0.25391633 0.089344545
-0.25141633 0.089366759
-0.24891633 0.090429033
-0.24641633 0.064797453
-0.24391633 0.046281526
-0.24141633 0.031721224
-0.23891633 0.013984156
-0.23641633 0.0025881397
-0.23391633 -0.0010950585
-0.23141633 -0.0048836248
-0.22891633 -0.017915199
-0.22641633 0.010565784
-0.22391633 0.0082234104
-0.22141633 0.003056579
-0.21891633 -0.0034543128
-0.21641633 0.069813782
-0.21391633 0.047870141
-0.21141633 0.015955287
-0.20891633 -0.0068344975
-0.20641633 -0.0089651823
-0.20391633 -0.051601226
-0.20141633 -0.041154552
-0.19891633 -0.012057258
-0.19641633 -0.025796089
-0.19391633 0.0019839408
-0.19141633 -0.041419343
-0.18891633 -0.029754415
-0.18641633 -0.011472158
-0.18391633 0.017163266
-0.18141633 0.011034502
-0.17891633 -0.015214898
-0.17641633 -0.00032093623
-0.17391633 0.022685926
-0.17141633 0.024221353
-0.16891633 0.023656476
-0.16641633 0.018643864
-0.16391633 0.044179276
-0.16141633 0.041682752
-0.15891633 0.071520475
-0.15641633 0.020921404
-0.15391633 0.056879523
-0.15141633 0.073424678
-0.14891633 0.060984808
-0.14641633 0.091099098
-0.14391633 0.021389712
-0.14141633 0.075694065
-0.13891633 0.087648351
-0.13641633 0.05704979
-0.13391633 0.11823753
-0.13141633 0.030301011
-0.12891633 0.08702656
-0.12641633 0.084577128
-0.12391633 0.12393306
-0.12141633 0.020261873
-0.11891633 0.11292876
-0.11641633 0.049462761
-0.11391633 0.13827639
-0.11141633 0.081355877
-0.10891633 0.119066
-0.10641633 0.0300641
-0.10391633 0.052868161
-0.10141633 0.14220119
-0.09891633 0.089926833
-0.09641633 0.097575048
-0.09391633 0.051447526
-0.09141633 0.063798436
-0.08891633 0.14765216
-0.08641633 0.1270251
-0.08391633 0.067335988
-0.08141633 0.048959699
-0.07891633 0.089176573
-0.07641633 0.14736798
-0.07391633 0.11260007
-0.07141633 0.027188016
-0.06891633 -0.061813149
-0.06641633 -0.10179749
-0.06391633 0.0313828
-0.06141633 0.057621154
-0.05891633 0.079280201
-0.05641633 0.033694919
-0.05391633 -0.011975558
-0.05141633 0.05184586
-0.04891633 0.052189527
-0.04641633 0.03092731
-0.04391633 -0.0262109
-0.04141633 0.07823893
-0.03891633 0.016422874
-0.03641633 0.043158782
-0.03391633 0.055222353
-0.03141633 0.061215834
-0.02891633 0.012472347
-0.02641633 0.063845899
-0.02391633 0.07600258
-0.02141633 0.098924231
-0.01891633 0.21089962
-0.01641633 0.019412087
-0.01391633 -0.0018452387
-0.01141633 -0.11337275
-0.00891633 -0.019895643
-0.00641633 0.070715618
-0.00391633 0.022920004
-0.00141633 0.079699733
0.00108367 0.087418786
0.00358367 0.082944152
0.00608367 0.08547818
0.00858367 0.025046216
0.01108367 0.088798092
0.01358367 0.09919105
0.01608367 0.081673952
0.01858367 0.09163384
0.02108367 0.019829817
0.02358367 0.11102989
0.02608367 0.099905953
0.02858367 0.085083452
0.03108367 0.098118891
0.03358367 0.036155648
0.03608367 0.050683261
0.03858367 0.10344189
0.04108367 0.085140911
0.04358367 0.10128346
0.04608367 0.049540859
0.04858367 0.06060595
0.05108367 0.1238476
0.05358367 0.099073001
0.05608367 0.09266734
0.05858367 0.016376576
0.06108367 0.11133405
0.06358367 0.088595557
0.06608367 0.042728408
0.06858367 0.042144782
0.07108367 -0.012643953
0.07358367 0.014420443
0.07608367 0.065338428
0.07858367 0.036225861
0.08108367 0.059969656
0.08358367 -0.0040924751
0.08608367 0.049979708
0.08858367 0.046973909
0.09108367 0.04557056
0.09358367 0.04827827
0.09608367 -0.0021042862
0.09858367 0.051110706
0.10108367 0.04827953
0.10358367 0.041157303
0.10608367 0.033923427
0.10858367 0.040421171
0.11108367 0.025851669
0.11358367 0.047282043
0.11608367 0.051997489
0.11858367 0.044107256
0.12108367 0.023233749
0.12358367 0.0084109426
0.12608367 0.090376919
0.12858367 0.055178453
0.13108367 0.054542028
0.13358367 0.017667714
0.13608367 0.048544017
0.13858367 0.06366658
0.14108367 0.061324359
0.14358367 0.068126738
0.14608367 0.024001642
0.14858367 0.058516472
0.15108367 0.06609961
0.15358367 0.061103934
0.15608367 0.073597733
0.15858367 0.015844407
0.16108367 0.061297199
0.16358367 0.072270859
0.16608367 0.069323206
0.16858367 0.065901219
0.17108367 0.028753867
0.17358367 0.061943176
0.17608367 0.076680407
0.17858367 0.076414037
0.18108367 0.078561507
0.18358367 0.017603376
0.18608367 0.070763412
0.18858367 0.08659495
0.19108367 0.075279818
0.19358367 0.075297387
0.19608367 0.01331674
0.19858367 0.080631167
0.20108367 0.10097705
0.20358367 0.091762877
0.20608367 0.10955221
0.20858367 0.03991746
0.21108367 0.10223243
0.21358367 0.12923108
0.21608367 0.11760025
0.21858367 0.1360175
0.22108367 0.054381297
0.22358367 0.13215045
0.22608367 0.17733452
0.22858367 0.1519571
0.23108367 0.19379099
0.23358367 0.17758032
0.23608367 0.19028225
0.23858367 0.25262049
0.24108367 0.19466995
0.24358367 0.18145743
0.24608367 0.1906113
0.24858367 0.16988066
0.25108367 0.21655225
0.25358367 0.17516326
0.25608367 0.19587278
0.25858367 0.20073016
0.26108367 0.1641086
0.26358367 0.3348372
0.26608367 0.25376147
0.26858367 0.25706641
0.27108367 0.1676176
0.27358367 0.26443697
0.27608367 0.23270675
0.27858367 0.17143884
0.28108367 0.21101387
0.28358367 0.16110124
0.28608367 0.11440793
0.28858367 0.12761088
0.29108367 0.1154971
0.29358367 0.062421865
0.29608367 0.0084576172
0.29858367 0.049226783
0.30108367 -0.05463206
0.30358367 -0.0010760874
0.30608367 -0.1068316
0.30858367 -0.11776134
0.31108367 -0.1145886
0.31358367 -0.12448897
0.31608367 -0.10957076
0.31858367 -0.17803267
0.32108367 -0.19813514
0.32358367 -0.068609725
0.32608367 -0.20825084
0.32858367 -0.12404124
0.33108367 -0.13248972
0.33358367 -0.23394385
0.33608367 -0.14504221
0.33858367 -0.056027753
0.34108367 0.066715706
0.34358367 0.099112565
0.34608367 0.13382724
0.34858367 0.02546366
0.35108367 0.090665988
0.35358367 0.059244031
0.35608367 -0.0018618569
0.35858367 0.022146388
0.36108367 0.015409804
0.36358367 0.0086210929
0.36608367 -0.046845022
0.36858367 -0.043310814
0.37108367 -0.088592415
0.37358367 0.027577996
0.37608367 -0.092027983
0.37858367 -0.021302533
0.38108367 -0.061978799
0.38358367 -0.21191683
0.38608367 -0.019028457
0.38858367 -0.15202101
0.39108367 -0.21806966
0.39358367 0.03490271
0.39608367 -0.20727706
0.39858367 -0.17648602
0.40108367 -0.21099594
0.40358367 -0.21842848
0.40608367 -0.26465755
0.40858367 0.029161142
0.41108367 -0.25731855
0.41358367 -0.41127685
0.41608367 -0.27103991
0.41858367 -0.05338362
0.42108367 -0.15329246
0.42358367 -0.36328814
0.42608367 -0.33712881
0.42858367 -0.38858401
0.43108367 -0.39070058
0.43358367 0.11839458
0.43608367 -0.38959818
0.43858367 -0.33098397
0.44108367 -0.56026154
0.44358367 -0.12147933
0.44608367 -0.16996662
0.44858367 -0.41506108
0.45108367 -0.40695723
0.45358367 -0.47547796
0.45608367 -0.42756249
0.45858367 0.16658268
0.46108367 -0.49368802
0.46358367 -0.43067805
0.46608367 -0.42326738
0.46858367 -0.49935241
0.47108367 0.041693689
0.47358367 -0.44781339
0.47608367 -0.45496458
0.47858367 -0.44500912
0.48108367 -0.45358187
0.48358367 -0.017112133
0.48608367 -0.45170267
0.48858367 -0.47020481
0.49108367 -0.47169193
0.49358367 -0.49681922
0.49608367 0.030574276
0.49858367 -0.49218995
0.50108367 -0.47588198
0.50358367 -0.47800128
0.50608367 -0.49200001
0.50858367 0.058687467
0.51108367 -0.50916108
0.51358367 -0.47109417
0.51608367 -0.47625338
0.51858367 -0.43912766
0.52108367 -0.012517051
0.52358367 -0.58178267
0.52608367 -0.4628238
0.52858367 -0.44948832
0.53108367 -0.49092968
0.53358367 -0.019181267
0.53608367 -0.46339682
0.53858367 -0.47653339
0.54108367 -0.46882752
0.54358367 -0.46464355
0.54608367 -0.021056038
0.54858367 -0.44377582
0.55108367 -0.43124772
0.55358367 -0.5638597
0.55608367 -0.15059979
0.55858367 -0.34183958
0.56108367 -0.46436877
0.56358367 -0.4359996
0.56608367 -0.43471186
0.56858367 -0.42494612
0.57108367 -0.005752917
0.57358367 -0.53297032
0.57608367 -0.45973681
0.57858367 -0.43741417
0.58108367 -0.36543291
0.58358367 -0.05851072
0.58608367 -0.41817003
0.58858367 -0.38961068
0.59108367 -0.53056789
0.59358367 -0.13540462
0.59608367 -0.28621259
0.59858367 -0.40525302
0.60108367 -0.39204644
0.60358367 -0.48378141
0.60608367 -0.30069266
0.60858367 -0.12812917
0.61108367 -0.39114562
0.61358367 -0.38763352
0.61608367 -0.36287906
0.61858367 -0.4237028
0.62108367 -0.090517549
0.62358367 -0.37837037
0.62608367 -0.36512291
0.62858367 -0.47263257
0.63108367 -0.31656052
0.63358367 -0.051204947
0.63608367 -0.37395333
0.63858367 -0.35082716
0.64108367 -0.4692295
0.64358367 -0.30990383
0.64608367 -0.19679699
0.64858367 -0.20348036
0.65108367 -0.44691059
0.65358367 -0.34903256
0.65608367 -0.35028951
0.65858367 -0.0033713633
0.66108367 -0.43460919
0.66358367 -0.34682976
0.66608367 -0.34088591
0.66858367 -0.37289168
0.67108367 -0.070065923
0.67358367 -0.346493
0.67608367 -0.34403195
0.67858367 -0.4337928
0.68108367 -0.31303905
0.68358367 -0.1735216
0.68608367 -0.2116488
0.68858367 -0.42925735
0.69108367 -0.34464249
0.69358367 -0.35088345
0.69608367 0.0014742978
0.69858367 -0.43772615
0.70108367 -0.33363546
0.70358367 -0.38562094
0.70608367 -0.37585758
0.70858367 0.030487048
0.71108367 -0.38659434
0.71358367 -0.43208937
0.71608367 -0.38687572
0.71858367 -0.32338826
0.72108367 0.053676746
0.72358367 -0.47208971
0.72608367 -0.3499176
0.72858367 -0.36371981
0.73108367 -0.40640865
0.73358367 0.0036944263
0.73608367 -0.35849384
0.73858367 -0.37057211
0.74108367 -0.43322909
0.74358367 -0.32645302
0.74608367 -0.019306817
0.74858367 -0.44337273
0.75108367 -0.35835107
0.75358367 -0.410423
0.75608367 -0.36262826
0.75858367 -0.070720068
0.76108367 -0.36236036
0.76358367 -0.38234404
0.76608367 -0.41550291
0.76858367 -0.33870946
0.77108367 -0.026626338
0.77358367 -0.46109814
0.77608367 -0.36671841
0.77858367 -0.36951215
0.78108367 -0.43056152
0.78358367 0.0097269225
0.78608367 -0.38007105
0.78858367 -0.44084198
0.79108367 -0.36919328
0.79358367 -0.35909302
0.79608367 0.018516304
0.79858367 -0.42404791
0.80108367 -0.33909393
0.80358367 -0.36559359
0.80608367 -0.38739356
0.80858367 -0.021801609
0.81108367 -0.33253373
0.81358367 -0.42725337
0.81608367 -0.36049895
0.81858367 -0.35491453
0.82108367 -0.028127791
0.82358367 -0.40653884
0.82608367 -0.35004098
0.82858367 -0.45813413
0.83108367 -0.34104368
0.83358367 -0.14581785
0.83608367 -0.24469518
0.83858367 -0.41212648
0.84108367 -0.37740719
0.84358367 -0.33878101
0.84608367 0.024295845
0.84858367 -0.3597522
0.85108367 -0.30621212
0.85358367 -0.40745772
0.85608367 -0.24597156
0.85858367 0.031131696
0.86108367 -0.38380086
0.86358367 -0.26535861
0.86608367 -0.30392293
0.86858367 -0.32110314
0.87108367 0.04230592
0.87358367 -0.27249972
0.87608367 -0.28400467
0.87858367 -0.28366871
0.88108367 -0.20952442
0.88358367 -0.082058111
0.88608367 -0.19594446
0.88858367 -0.20483251
0.89108367 -0.28739542
0.89358367 -0.20583429
0.89608367 0.052340009
0.89858367 -0.27437839
0.90108367 -0.20285884
0.90358367 -0.25984955
0.90608367 -0.26075201
0.90858367 0.062958011
0.91108367 -0.24613089
0.91358367 -0.24435595
0.91608367 -0.21328075
0.91858367 -0.37455022
0.92108367 0.10219468
0.92358367 -0.23747523
0.92608367 -0.22391418
0.92858367 -0.31366095
0.93108367 -0.2418592
0.93358367 0.086687227
0.93608367 -0.34602025
0.93858367 -0.21241242
0.94108367 -0.35918711
0.94358367 -0.25060629
0.94608367 -0.0049782776
0.94858367 -0.18556154
0.95108367 -0.30847681
0.95358367 -0.28508523
0.95608367 -0.34573534
0.95858367 0.090647094
0.96108367 -0.2945828
0.96358367 -0.36833988
0.96608367 -0.24294019
0.96858367 -0.31964945
0.97108367 -0.12879047
0.97358367 -0.10519872
0.97608367 -0.26579017
0.97858367 -0.26982687
0.98108367 -0.28481718
0.98358367 0.081786859
0.98608367 -0.29774525
0.98858367 -0.27635439
0.99108367 -0.27949297
0.99358367 -0.39604701
0.99608367 -0.14900836
0.99858367 -0.12923542
1.0010837 -0.37132818
1.0035837 -0.28681952
1.0060837 -0.35563737
1.0085837 -0.074236017
1.0110837 -0.26013821
1.0135837 -0.37654398
1.0160837 -0.29929876
1.0185837 -0.37333669
1.0210837 -0.074761239
1.0235837 -0.28966006
1.0260837 -0.28726749
1.0285837 -0.34266193
1.0310837 -0.25691131
1.0335837 -0.20657195
1.0360837 -0.13978753
1.0385837 -0.23350249
1.0410837 -0.30180166
1.0435837 -0.24071914
1.0460837 -0.018217591
1.0485837 -0.27628916
1.0510837 -0.22351791
1.0535837 -0.27567733
1.0560837 -0.2247017
1.0585837 -0.02318501
1.0610837 -0.27043535
1.0635837 -0.21708276
1.0660837 -0.3088618
1.0685837 -0.3226859
1.0710837 -0.15246034
1.0735837 -0.1200155
1.0760837 -0.31598154
1.0785837 -0.22061716
1.0810837 -0.31558756
1.0835837 -0.042129297
1.0860837 -0.21701513
1.0885837 -0.30701104
1.0910837 -0.20829423
1.0935837 -0.31478855
1.0960837 -0.12824479
1.0985837 -0.16135618
1.1010837 -0.28734167
1.1035837 -0.20471326
1.1060837 -0.28273709
1.1085837 -0.12885104
1.1110837 -0.12254866
1.1135837 -0.2651005
1.1160837 -0.17287322
1.1185837 -0.25054509
1.1210837 -0.053900148
1.1235837 -0.15533821
1.1260837 -0.22292678
1.1285837 -0.16270323
1.1310837 -0.24252672
1.1335837 -0.074518685
1.1360837 -0.090129357
1.1385837 -0.21392585
1.1410837 -0.14785047
1.1435837 -0.24745049
1.1460837 -0.076276786
1.1485837 -0.048387607
1.1510837 -0.22731459
1.1535837 -0.12570915
1.1560837 -0.23679921
1.1585837 -0.093936746
1.1610837 -0.093692459
1.1635837 -0.23078312
1.1660837 -0.15680657
1.1685837 -0.2129646
1.1710837 -0.068712277
1.1735837 -0.19785473
1.1760837 -0.14336846
1.1785837 -0.20449564
1.1810837 -0.15897424
1.1835837 -0.12969839
1.1860837 -0.11052396
1.1885837 -0.1648614
1.1910837 -0.17693341
1.1935837 -0.13842628
1.1960837 -0.11084909
1.1985837 -0.11192267
1.2010837 -0.14827724
1.2035837 -0.16752425
1.2060837 -0.079141347
1.2085837 -0.14357046
1.2110837 0.0041824405
1.2135837 -0.06325726
1.2160837 -0.0073691683
1.2185837 -0.021872001
1.2210837 -0.007988449
1.2235837 0.0068214643
1.2260837 0.022719425
1.2285837 0.013169117
1.2310837 -0.20009635
1.2335837 -0.4982061
1.2360837 -0.62626115
1.2385837 -0.79996534
1.2410837 -0.58302856
1.2435837 -0.82466409
1.2460837 -0.58652498
1.2485837 -0.90122817
1.2510837 -0.94377236
1.2535837 -0.72008631
1.2560837 -0.87988135
1.2585837 -0.54577058
1.2610837 -1.0328637
1.2635837 -1.0575649
1.2660837 -0.76326649
1.2685837 -1.0329663
1.2710837 -0.3715784
1.2735837 -1.1149188
1.2760837 -1.1818099
1.2785837 -0.55104617
1.2810837 -1.2839085
1.2835837 -1.1133936
1.2860837 -0.60547097
1.2885837 -1.278646
1.2910837 -0.43209141
1.2935837 -1.0167917
1.2960837 -1.2029352
1.2985837 -0.67399567
1.3010837 -1.1380806
1.3035837 -0.91830101
1.3060837 -0.82015492
1.3085837 -0.96265349
1.3110837 -0.94872581
1.3135837 -0.8539141
1.3160837 -0.99923144
1.3185837 -0.63661415
1.3210837 -1.129879
1.3235837 -0.61490714
1.3260837 -1.1108633
1.3285837 -0.65694061
1.3310837 -0.96659338
1.3335837 -0.98541163
1.3360837 -0.69887398
1.3385837 -1.0797414
1.3410837 -0.56383514
1.3435837 -1.2071823
1.3460837 -0.93248106
1.3485837 -0.67034
1.3510837 -1.150095
1.3535837 -1.0698068
1.3560837 -0.65509232
1.3585837 -0.93377237
1.3610837 -0.63882123
1.3635837 -0.93478633
1.3660837 -0.71733997
1.3685837 -0.86248762
1.3710837 -0.97042368
1.3735837 -0.54530036
1.3760837 -0.99760027
1.3785837 -0.65451183
1.3810837 -0.87248827
1.3835837 -0.98745179
1.3860837 -0.50706763
1.3885837 -0.84281222
1.3910837 -0.5638192
1.3935837 -0.96581637
1.3960837 -0.91010615
1.3985837 -0.46153512
1.4010837 -0.86331751
1.4035837 -1.0286033
1.4060837 -0.41436135
1.4085837 -0.9964214
1.4110837 -0.41228194
1.4135837 -0.94050807
1.4160837 -0.8217431
1.4185837 -0.60925781
1.4210837 -0.84033372
1.4235837 -0.3708726
1.4260837 -0.92693568
1.4285837 -0.69439825
1.4310837 -0.54711809
1.4335837 -0.92652571
1.4360837 -0.4107541
1.4385837 -0.75574033
1.4410837 -0.45494808
1.4435837 -0.91507891
1.4460837 -0.82358562
1.4485837 -0.54166244
1.4510837 -0.73711662
1.4535837 -0.73116936
1.4560837 -0.46376556
1.4585837 -0.93192478
1.4610837 -0.28877111
1.4635837 -0.71407224
1.4660837 -0.57561375
1.4685837 -0.73886307
1.4710837 -0.73420387
1.4735837 -0.36414028
1.4760837 -0.6872346
1.4785837 -0.47020383
1.4810837 -0.72321273
1.4835837 -0.90517347
1.4860837 -0.37756953
1.4885837 -0.73702007
1.4910837 -0.69568663
1.4935837 -0.53231637
1.4960837 -0.67489246
1.4985837 -0.34959631
1.5010837 -0.7859363
1.5035837 -0.50926059
1.5060837 -0.53211744
1.5085837 -0.60394857
1.5110837 -0.44126342
1.5135837 -0.50317066
1.5160837 -0.69060566
1.5185837 -0.31773018
1.5210837 -0.8001167
1.5235837 -0.51000523
1.5260837 -0.6640737
1.5285837 -0.65601505
1.5310837 -0.4893428
1.5335837 -0.68015927
1.5360837 -0.34985109
1.5385837 -0.65419983
1.5410837 -0.60018414
1.5435837 -0.36571147
1.5460837 -0.62615035
1.5485837 -0.45578873
1.5510837 -0.68622922
1.5535837 -0.54371889
1.5560837 -0.41021948
1.5585837 -0.73454805
1.5610837 -0.41058817
1.5635837 -0.67652881
1.5660837 -0.49338035
1.5685837 -0.35245951
1.5710837 -0.73680258
1.5735837 -0.30674799
1.5760837 -0.6613941
1.5785837 -0.4125388
1.5810837 -0.4028572
1.5835837 -0.73161766
1.5860837 -0.32164343
1.5885837 -0.60727617
1.5910837 -0.51631639
1.5935837 -0.48460388
1.5960837 -0.74240944
1.5985837 -0.45507797
1.6010837 -0.51704959
1.6035837 -0.49809296
1.6060837 -0.41436106
1.6085837 -0.56967632
1.6110837 -0.48190188
1.6135837 -0.57730911
1.6160837 -0.56073573
1.6185837 -0.35893418
1.6210837 -0.50672349
1.6235837 -0.45506724
1.6260837 -0.57877275
1.6285837 -0.47818379
1.6310837 -0.35018325
1.6335837 -0.41241035
1.6360837 -0.47309585
1.6385837 -0.34702977
1.6410837 -0.49196442
1.6435837 -0.3846897
1.6460837 -0.30330816
1.6485837 -0.38239695
1.6510837 -0.092250094
1.6535837 0.13925654
1.6560837 -0.074686513
1.6585837 -0.084791916
1.6610837 -0.23830257
1.6635837 -0.42626497
1.6660837 -0.14223446
1.6685837 -0.49507361
1.6710837 -0.43005722
1.6735837 -0.2028137
1.6760837 -0.47684915
1.6785837 -0.19988352
1.6810837 -0.49522219
1.6835837 -0.55578187
1.6860837 -0.2593837
1.6885837 -0.58516664
1.6910837 -0.27136896
1.6935837 -0.5095112
1.6960837 -0.5652361
1.6985837 -0.34068246
1.7010837 -0.72275039
1.7035837 -0.65647376
1.7060837 -0.44503723
1.7085837 -0.66035982
1.7110837 -0.2938577
1.7135837 -0.78939276
1.7160837 -0.67858523
1.7185837 -0.40258559
1.7210837 -0.96852955
1.7235837 -0.33613919
1.7260837 -0.84695893
1.7285837 -0.55587206
1.7310837 -0.6023875
1.7335837 -0.80329028
1.7360837 -0.34040597
1.7385837 -0.89306242
1.7410837 -0.84984774
1.7435837 -0.4247403
1.7460837 -0.93035193
1.7485837 -0.33617227
1.7510837 -0.8738557
1.7535837 -0.7182216
1.7560837 -0.62537365
1.7585837 -0.86013268
1.7610837 -0.34182035
1.7635837 -0.88923695
1.7660837 -0.7261051
1.7685837 -0.51067043
1.7710837 -0.91366093
1.7735837 -0.61204631
1.7760837 -0.9684934
1.7785837 -0.89114289
1.7810837 -0.53015438
1.7835837 -1.1014962
1.7860837 -0.74858025
1.7885837 -0.70772019
1.7910837 -0.84799976
1.7935837 -0.51724256
1.7960837 -1.0611566
1.7985837 -0.6460793
1.8010837 -0.8238403
1.8035837 -0.83922018
1.8060837 -0.60540267
1.8085837 -0.7031456
1.8110837 -0.90063555
1.8135837 -0.65580018
1.8160837 -0.77820473
1.8185837 -0.50892621
1.8210837 -0.77649844
1.8235837 -0.73326709
1.8260837 -0.52655757
1.8285837 -0.56111937
1.8310837 -0.68219343
1.8335837 -0.62524469
1.8360837 -0.54769342
1.8385837 -0.55616
1.8410837 -0.5029165
1.8435837 -0.64617023
1.8460837 -0.76349536
1.8485837 -0.47524523
1.8510837 -0.55449184
1.8535837 -0.6235959
1.8560837 -0.37439089
1.8585837 -0.73014985
1.8610837 -0.35906133
1.8635837 -0.61277878
1.8660837 -0.57315883
1.8685837 -0.43829783
1.8710837 -0.60249198
1.8735837 -0.59686303
1.8760837 -0.57948418
1.8785837 -0.64054093
1.8810837 -0.59699567
1.8835837 -0.37884494
1.8860837 -0.73317242
1.8885837 -0.40444704
1.8910837 -0.76945838
1.8935837 -0.45088979
1.8960837 -0.47583042
1.8985837 -0.48215194
1.9010837 -0.52208343
1.9035837 -0.65030298
1.9060837 -0.46311191
1.9085837 -0.4429065
1.9110837 -0.45279596
1.9135837 -0.57101133
1.9160837 -0.4249202
1.9185837 -0.42825444
1.9210837 -0.43096774
1.9235837 -0.34980335
1.9260837 -0.35559411
1.9285837 -0.3483186
1.9310837 -0.096614601
1.9335837 -0.02764183
1.9360837 -0.025150016
1.9385837 -0.026538372
1.9410837 -0.024742351
1.9435837 -0.022555264
1.9460837 0.0048510663
