-0.95891633 0.11497751
-0.95641633 0.1778132
-0.95391633 0.166892
-0.95141633 0.11483474
-0.94891633 0.11705797
-0.94641633 0.090895414
-0.94391633 0.096902353
-0.94141633 0.072486882
-0.93891633 0.084516148
-0.93641633 0.082376712
-0.93391633 0.056148671
-0.93141633 0.072125022
-0.92891633 0.060848007
-0.92641633 0.072086826
-0.92391633 0.076433558
-0.92141633 0.32846928
-0.91891633 0.075451279
-0.91641633 0.067689076
-0.91391633 0.062818924
-0.91141633 0.79086872
-0.90891633 0.29760576
-0.90641633 0.16193798
-0.90391633 0.083583532
-0.90141633 0.081315189
-0.89891633 -0.0014177924
-0.89641633 0.03240622
-0.89391633 0.022784728
-0.89141633 -0.0081154177
-0.88891633 -0.010442984
-0.88641633 -0.0242925
-0.88391633 -0.090298959
-0.88141633 0.021127593
-0.87891633 -0.012502706
-0.87641633 -0.030202322
-0.87391633 -0.068670452
-0.87141633 -0.056801114
-0.86891633 -0.077953047
-0.86641633 0.045002509
-0.86391633 -0.14757401
-0.86141633 -0.047030203
-0.85891633 -0.06526302
-0.85641633 -0.066918621
-0.85391633 0.037998459
-0.85141633 -0.10138848
-0.84891633 -0.044437989
-0.84641633 -0.074413478
-0.84391633 -0.095359367
-0.84141633 0.039876872
-0.83891633 -0.080430161
-0.83641633 -0.13063335
-0.83391633 -0.095441738
-0.83141633 0.020405425
-0.82891633 -0.08673041
-0.82641633 -0.042734453
-0.82391633 -0.055522566
-0.82141633 -0.046131899
-0.81891633 -0.060434927
-0.81641633 0.021124242
-0.81391633 -0.079185209
-0.81141633 -0.049490726
-0.80891633 -0.050992921
-0.80641633 -0.079694131
-0.80391633 0.021807326
-0.80141633 -0.071046002
-0.79891633 -0.058107823
-0.79641633 -0.074131619
-0.79391633 -0.088761936
-0.79141633 0.024540336
-0.78891633 -0.027196595
-0.78641633 -0.0058678192
-0.78391633 -0.0014810615
-0.78141633 -0.023519651
-0.77891633 0.02146075
-0.77641633 -0.00060862487
-0.77391633 -0.011566829
-0.77141633 -0.0052072256
-0.76891633 -0.0025823077
-0.76641633 0.0084396755
-0.76391633 -0.0010033534
-0.76141633 -0.0031233694
-0.75891633 0.012298652
-0.75641633 -0.012603396
-0.75391633 0.016141519
-0.75141633 -0.0037016996
-0.74891633 0.049338228
-0.74641633 0.062483026
-0.74391633 0.046796754
-0.74141633 0.025949994
-0.73891633 0.053052828
-0.73641633 0.051681947
-0.73391633 0.075911639
-0.73141633 -0.0022942003
-0.72891633 0.049801879
-0.72641633 0.061396429
-0.72391633 0.056716823
-0.72141633 0.051613163
-0.71891633 0.051948642
-0.71641633 0.014210905
-0.71391633 0.062405941
-0.71141633 0.10712194
-0.70891633 0.11562803
-0.70641633 0.1099189
-0.70391633 0.0088610383
-0.70141633 0.10901912
-0.69891633 0.098658979
-0.69641633 0.088523541
-0.69391633 0.12862621
-0.69141633 0.011769769
-0.68891633 0.091642856
-0.68641633 0.09571819
-0.68391633 0.093306298
-0.68141633 0.084231716
-0.67891633 0.017436032
-0.67641633 0.089052166
-0.67391633 0.083237801
-0.67141633 0.070568031
-0.66891633 0.089373045
-0.66641633 0.12045553
-0.66391633 0.054028826
-0.66141633 0.13254501
-0.65891633 0.10598644
-0.65641633 0.062626437
-0.65391633 0.11203418
-0.65141633 0.049156877
-0.64891633 0.10889171
-0.64641633 0.090615425
-0.64391633 0.072562788
-0.64141633 0.065982437
-0.63891633 0.070023608
-0.63641633 0.10099304
-0.63391633 0.083258463
-0.63141633 0.12238822
-0.62891633 0.04971141
-0.62641633 0.096057404
-0.62391633 0.1021961
-0.62141633 0.091826844
-0.61891633 0.092330907
-0.61641633 0.075239137
-0.61391633 0.04452251
-0.61141633 0.11877878
-0.60891633 0.096647352
-0.60641633 0.072295837
-0.60391633 0.04327658
-0.60141633 0.089457928
-0.59891633 0.10477794
-0.59641633 0.10036802
-0.59391633 0.10738654
-0.59141633 0.034034521
-0.58891633 0.089615122
-0.58641633 0.093846898
-0.58391633 0.092163841
-0.58141633 0.09892376
-0.57891633 0.026152919
-0.57641633 0.093784817
-0.57391633 0.09555119
-0.57141633 0.088932117
-0.56891633 0.069878192
-0.56641633 0.036162143
-0.56391633 0.10301289
-0.56141633 0.081775968
-0.55891633 0.079493289
-0.55641633 0.059235613
-0.55391633 0.069898181
-0.55141633 0.049744238
-0.54891633 0.086570775
-0.54641633 0.074125698
-0.54391633 0.086834412
-0.54141633 0.055414919
-0.53891633 0.062379471
-0.53641633 0.0946982
-0.53391633 0.07101788
-0.53141633 0.46680008
-0.52891633 0.25687477
-0.52641633 0.083321986
-0.52391633 0.10183345
-0.52141633 0.082264901
-0.51891633 0.0067361682
-0.51641633 -0.020107869
-0.51391633 0.0050249491
-0.51141633 -0.0022845198
-0.50891633 -0.0061438698
-0.50641633 0.014326704
-0.50391633 0.011392477
-0.50141633 0.026781155
-0.49891633 0.032375723
-0.49641633 0.065009368
-0.49391633 0.07064177
-0.49141633 0.057736178
-0.48891633 0.067212251
-0.48641633 0.10218831
-0.48391633 0.13584799
-0.48141633 0.13121447
-0.47891633 0.084606345
-0.47641633 0.10362
-0.47391633 0.15668634
-0.47141633 0.146877
-0.46891633 0.12342676
-0.46641633 0.16686671
-0.46391633 0.15037298
-0.46141633 0.18260614
-0.45891633 0.17092354
-0.45641633 0.11127831
-0.45391633 0.12934431
-0.45141633 0.21563745
-0.44891633 0.20249466
-0.44641633 0.1933969
-0.44391633 0.11531952
-0.44141633 0.15132629
-0.43891633 0.10946402
-0.43641633 0.16347707
-0.43391633 0.14615932
-0.43141633 0.079656691
-0.42891633 0.098558789
-0.42641633 0.16792527
-0.42391633 0.12930771
-0.42141633 0.17593373
-0.41891633 0.096895836
-0.41641633 0.14138087
-0.41391633 0.071471363
-0.41141633 0.079677822
-0.40891633 0.025954757
-0.40641633 0.010185449
-0.40391633 0.20794966
-0.40141633 0.12470172
-0.39891633 0.04907798
-0.39641633 0.032383061
-0.39391633 0.052815539
-0.39141633 0.083997252
-0.38891633 0.072946273
-0.38641633 0.13738
-0.38391633 0.11380452
-0.38141633 0.15591945
-0.37891633 0.15867422
-0.37641633 0.2025842
-0.37391633 0.21539696
-0.37141633 0.091629496
-0.36891633 0.21849859
-0.36641633 0.16620441
-0.36391633 0.095100295
-0.36141633 0.044760428
-0.35891633 0.034799746
-0.35641633 6.2628257e-05
-0.35391633 -0.022640837
-0.35141633 0.012633642
-0.34891633 -0.074129376
-0.34641633 -0.040759276
-0.34391633 -0.036183338
-0.34141633 -0.034256815
-0.33891633 -0.014518042
-0.33641633 1.4172072
-0.33391633 0.55837921
-0.33141633 -0.0086292589
-0.32891633 -0.0030710163
-0.32641633 0.0020240766
-0.32391633 0.011531396
-0.32141633 0.01319855
-0.31891633 0.011183363
-0.31641633 0.026130619
-0.31391633 0.014629878
-0.31141633 0.039227621
-0.30891633 0.031748987
-0.30641633 0.0263533
-0.30391633 0.044996378
-0.30141633 0.02884203
-0.29891633 0.052903257
-0.29641633 0.051821438
-0.29391633 0.02737679
-0.29141633 0.052287511
-0.28891633 0.044035204
-0.28641633 0.050385349
-0.28391633 0.044979004
-0.28141633 0.045320143
-0.27891633 0.064848293
-0.27641633 0.026794963
-0.27391633 0.066724568
-0.27141633 0.058706009
-0.26891633 0.045956498
-0.26641633 0.054941413
-0.26391633 0.052252895
-0.26141633 0.071139471
-0.25891633 0.058046114
-0.25641633 0.056579633
-0.25391633 0.056247251
-0.25141633 0.055693611
-0.24891633 0.065824793
-0.24641633 0.052213476
-0.24391633 0.040502097
-0.24141633 0.041656343
-0.23891633 0.043025655
-0.23641633 0.033214508
-0.23391633 0.0047361387
-0.23141633 0.0017560794
-0.22891633 0.0042418738
-0.22641633 0.0041009972
-0.22391633 0.0041331788
-0.22141633 0.0037148124
-0.21891633 0.0011750553
-0.21641633 1.7898627
-0.21391633 0.51088297
-0.21141633 0.26319052
-0.20891633 0.24059283
-0.20641633 0.032957599
-0.20391633 0.15089924
-0.20141633 0.086562869
-0.19891633 0.0080996507
-0.19641633 0.070705063
-0.19391633 -0.019349744
-0.19141633 0.038750708
-0.18891633 0.0043341116
-0.18641633 0.00966895
-0.18391633 0.0010511008
-0.18141633 -0.028212707
-0.17891633 -0.015002737
-0.17641633 -0.014356264
-0.17391633 -0.026834479
-0.17141633 -0.014048875
-0.16891633 -0.028083738
-0.16641633 -0.028429345
-0.16391633 -0.031176273
-0.16141633 -0.039889806
-0.15891633 -0.023436563
-0.15641633 -0.030972012
-0.15391633 -0.034761817
-0.15141633 -0.032718669
-0.14891633 -0.046361953
-0.14641633 -0.030528892
-0.14391633 -0.028698919
-0.14141633 -0.040169057
-0.13891633 -0.042753839
-0.13641633 -0.029554737
-0.13391633 -0.029696318
-0.13141633 -0.026458541
-0.12891633 -0.040408918
-0.12641633 -0.028134308
-0.12391633 -0.045121295
-0.12141633 -0.0081370356
-0.11891633 -0.043113043
-0.11641633 -0.029049579
-0.11391633 -0.030243113
-0.11141633 -0.030220257
-0.10891633 -0.027354079
-0.10641633 -0.020231051
-0.10391633 -0.025890586
-0.10141633 -0.027362478
-0.09891633 -0.024854421
-0.09641633 -0.030816959
-0.09391633 -0.0047360242
-0.09141633 -0.021021279
-0.08891633 -0.025809281
-0.08641633 0.01792501
-0.08391633 -0.0046876007
-0.08141633 0.12431048
-0.07891633 0.043201194
-0.07641633 0.066773271
-0.07391633 -0.07039133
-0.07141633 -0.0060308344
-0.06891633 0.030172812
-0.06641633 0.11777183
-0.06391633 0.079396406
-0.06141633 0.051790389
-0.05891633 0.0025093286
-0.05641633 0.002876744
-0.05391633 -0.012210242
-0.05141633 -0.0079562262
-0.04891633 -0.010396511
-0.04641633 -0.0082998721
-0.04391633 0.00041890195
-0.04141633 -0.0067337783
-0.03891633 0.0019141805
-0.03641633 0.0011105469
-0.03391633 0.0020320432
-0.03141633 0.0019822741
-0.02891633 0.0014763455
-0.02641633 0.0010016367
-0.02391633 0.0019655096
-0.02141633 0.39443363
-0.01891633 -0.0041477318
-0.01641633 -0.1719427
-0.01391633 -0.024970293
-0.01141633 0.079156273
-0.00891633 0.14996928
-0.00641633 0.16698764
-0.00391633 0.039145339
-0.00141633 0.0079532607
0.00108367 0.020665698
0.00358367 0.020038373
0.00608367 0.0099307929
0.00858367 -0.0041400131
0.01108367 0.013352145
0.01358367 0.021949096
0.01608367 0.054122538
0.01858367 0.034492855
0.02108367 0.040972805
0.02358367 0.052591753
0.02608367 0.047473278
0.02858367 0.069002768
0.03108367 0.049364424
0.03358367 0.065122423
0.03608367 0.054877162
0.03858367 0.071577491
0.04108367 0.079826142
0.04358367 0.04917717
0.04608367 0.059737476
0.04858367 0.057405459
0.05108367 0.076900228
0.05358367 0.09235105
0.05608367 0.058130199
0.05858367 0.055697328
0.06108367 0.072501948
0.06358367 0.086859208
0.06608367 0.1556209
0.06858367 0.10234897
0.07108367 0.11092608
0.07358367 0.076023434
0.07608367 0.1053439
0.07858367 0.091842857
0.08108367 0.092282022
0.08358367 0.076661646
0.08608367 0.038238914
0.08858367 0.1159626
0.09108367 0.08742745
0.09358367 0.10682491
0.09608367 0.041914434
0.09858367 0.10812533
0.10108367 0.08869926
0.10358367 0.12292107
0.10608367 0.092477043
0.10858367 0.082738382
0.11108367 0.057335992
0.11358367 0.12900024
0.11608367 0.13166753
0.11858367 0.10097161
0.12108367 0.10359351
0.12358367 0.078366779
0.12608367 0.092354111
0.12858367 0.13987067
0.13108367 0.12918299
0.13358367 0.14010404
0.13608367 0.037680964
0.13858367 0.14308029
0.14108367 0.14627027
0.14358367 0.13951539
0.14608367 0.1508721
0.14858367 0.10187076
0.15108367 0.15144651
0.15358367 0.15852331
0.15608367 0.1552598
0.15858367 0.11247135
0.16108367 0.15731886
0.16358367 0.23874087
0.16608367 0.16892297
0.16858367 0.16695154
0.17108367 0.24809862
0.17358367 0.12035165
0.17608367 0.25720706
0.17858367 0.2743281
0.18108367 0.26877908
0.18358367 0.29118557
0.18608367 0.26729498
0.18858367 0.38874795
0.19108367 0.47165502
0.19358367 0.5590553
0.19608367 0.9819225
0.19858367 -0.0058268533
0.20108367 -0.0052935376
0.20358367 -0.0065999015
0.20608367 -0.0037882111
0.20858367 -0.0061246117
0.21108367 -0.0015825501
0.21358367 8.1285077e-06
0.21608367 0.0015893785
0.21858367 0.001666066
0.22108367 6.2034155e-05
0.22358367 0.0015641304
0.22608367 0.0014734702
0.22858367 0.0016684788
0.23108367 0.003291867
0.23358367 0.015050612
0.23608367 0.022982906
0.23858367 0.0661384
0.24108367 0.10105355
0.24358367 0.13465206
0.24608367 0.14042312
0.24858367 0.19232519
0.25108367 0.21084636
0.25358367 0.18039781
0.25608367 0.24550662
0.25858367 0.26230877
0.26108367 0.15284873
0.26358367 0.3240082
0.26608367 0.29308438
0.26858367 0.27763739
0.27108367 0.16741134
0.27358367 0.27844001
0.27608367 0.27686494
0.27858367 0.19169071
0.28108367 0.27306881
0.28358367 0.23826422
0.28608367 0.13469266
0.28858367 0.24796238
0.29108367 0.23275565
0.29358367 0.19774762
0.29608367 0.10879675
0.29858367 0.17735055
0.30108367 0.16166451
0.30358367 0.12087005
0.30608367 0.09277186
0.30858367 0.042574657
0.31108367 0.035664119
0.31358367 -0.3828078
0.31608367 -0.26288747
0.31858367 -0.26698285
0.32108367 -0.26327414
0.32358367 -0.3016063
0.32608367 -0.31038385
0.32858367 -0.2375834
0.33108367 -0.20166492
0.33358367 -0.25006242
0.33608367 -0.20758333
0.33858367 -0.26270632
0.34108367 -0.13816843
0.34358367 -0.23003527
0.34608367 -0.20080234
0.34858367 -0.17593097
0.35108367 -0.22766644
0.35358367 -0.16178257
0.35608367 -0.17688027
0.35858367 -0.17696994
0.36108367 -0.15248285
0.36358367 -0.23522507
0.36608367 -0.14547804
0.36858367 -0.11664684
0.37108367 -0.17989743
0.37358367 -0.11597202
0.37608367 -0.17419311
0.37858367 -0.18209894
0.38108367 -0.11623825
0.38358367 -0.076613829
0.38608367 -0.15753133
0.38858367 -0.14720569
0.39108367 -0.11714868
0.39358367 -0.13136849
0.39608367 -0.051717464
0.39858367 -0.12617386
0.40108367 -0.10578984
0.40358367 -0.1138801
0.40608367 -0.064200027
0.40858367 -0.090726397
0.41108367 -0.066261439
0.41358367 -0.11352685
0.41608367 -0.082842073
0.41858367 -0.094767484
0.42108367 -0.013837436
0.42358367 -0.08908857
0.42608367 -0.078067849
0.42858367 -0.038879492
0.43108367 -0.091828937
0.43358367 -0.0069258142
0.43608367 -0.033513024
0.43858367 -0.037024891
0.44108367 -0.047658217
0.44358367 -0.014501838
0.44608367 -0.027914959
0.44858367 -0.0090119237
0.45108367 -0.028087781
0.45358367 -0.020875515
0.45608367 -0.048217793
0.45858367 0.042904004
0.46108367 -0.0093548659
0.46358367 -0.01021106
0.46608367 0.016080044
0.46858367 -0.029369405
0.47108367 0.021637086
0.47358367 0.018912984
0.47608367 0.039166716
0.47858367 0.021972733
0.48108367 0.020452169
0.48358367 -0.0077326673
0.48608367 0.046401936
0.48858367 0.027017317
0.49108367 0.042186064
0.49358367 0.018188377
0.49608367 0.040559869
0.49858367 0.052016411
0.50108367 0.052396493
0.50358367 0.05935064
0.50608367 0.028450308
0.50858367 0.041858383
0.51108367 0.063408584
0.51358367 0.069538315
0.51608367 0.095571592
0.51858367 0.045373357
0.52108367 0.024065003
0.52358367 0.096361741
0.52608367 0.094202438
0.52858367 0.079949728
0.53108367 0.047819274
0.53358367 0.04071941
0.53608367 0.09563238
0.53858367 0.11374911
0.54108367 0.10103724
0.54358367 0.10179342
0.54608367 0.0060561098
0.54858367 0.11072695
0.55108367 0.10568617
0.55358367 0.12308906
0.55608367 0.037547098
0.55858367 0.089091226
0.56108367 0.12665615
0.56358367 0.11682808
0.56608367 0.11543707
0.56858367 0.11506425
0.57108367 0.011502163
0.57358367 0.15453359
0.57608367 0.11937564
0.57858367 0.13969783
0.58108367 0.098950657
0.58358367 0.030016349
0.58608367 0.14259875
0.58858367 0.12500128
0.59108367 0.1620196
0.59358367 0.046068672
0.59608367 0.083522458
0.59858367 0.13044356
0.60108367 0.14557312
0.60358367 0.15970711
0.60608367 0.090581056
0.60858367 0.051561308
0.61108367 0.14804938
0.61358367 0.13459536
0.61608367 0.14601905
0.61858367 0.13460263
0.62108367 0.040751998
0.62358367 0.15022237
0.62608367 0.14344367
0.62858367 0.17158415
0.63108367 0.11964557
0.63358367 0.030740028
0.63608367 0.14435101
0.63858367 0.14202985
0.64108367 0.17438695
0.64358367 0.09497118
0.64608367 0.092098695
0.64858367 0.096143133
0.65108367 0.18717447
0.65358367 0.13547531
0.65608367 0.11979717
0.65858367 0.018855469
0.66108367 0.19465079
0.66358367 0.13313037
0.66608367 0.13914818
0.66858367 0.15223961
0.67108367 0.026810633
0.67358367 0.14615879
0.67608367 0.13440976
0.67858367 0.17227415
0.68108367 0.12537889
0.68358367 0.069192479
0.68608367 0.099951856
0.68858367 0.17183203
0.69108367 0.13834812
0.69358367 0.098638111
0.69608367 0.052504029
0.69858367 0.16667223
0.70108367 0.12882832
0.70358367 0.15668153
0.70608367 0.10965853
0.70858367 0.071469345
0.71108367 0.10751201
0.71358367 0.19499245
0.71608367 0.12958757
0.71858367 0.083431159
0.72108367 0.051527704
0.72358367 0.19277544
0.72608367 0.1291457
0.72858367 0.1291549
0.73108367 0.1180435
0.73358367 0.15313762
0.73608367 0.62360546
0.73858367 0.53857634
0.74108367 0.46408878
0.74358367 0.2834332
0.74608367 0.23500294
0.74858367 0.28392924
0.75108367 0.29027003
0.75358367 0.23618881
0.75608367 0.23391048
0.75858367 0.13735005
0.76108367 0.2134004
0.76358367 0.20454495
0.76608367 0.18449253
0.76858367 0.12159906
0.77108367 0.10107724
0.77358367 0.15711172
0.77608367 0.11464394
0.77858367 0.13564982
0.78108367 0.081744958
0.78358367 0.024951219
0.78608367 0.11472309
0.78858367 0.11071339
0.79108367 0.090654365
0.79358367 0.051470713
0.79608367 0.0074438961
0.79858367 0.10710748
0.80108367 0.054658216
0.80358367 0.12182556
0.80608367 0.040388473
0.80858367 -0.005054214
0.81108367 0.079323849
0.81358367 0.07656084
0.81608367 0.08379193
0.81858367 0.014434814
0.82108367 -0.0010752849
0.82358367 0.083560175
0.82608367 0.036781854
0.82858367 0.12938333
0.83108367 -0.006762725
0.83358367 0.01631045
0.83608367 0.04420296
0.83858367 0.088535022
0.84108367 0.093744685
0.84358367 0.041440009
0.84608367 0.009089824
0.84858367 0.099816806
0.85108367 0.069608943
0.85358367 0.15550295
0.85608367 0.18770223
0.85858367 0.042750627
0.86108367 0.17019455
0.86358367 0.084857827
0.86608367 0.098462911
0.86858367 0.06850643
0.87108367 0.021298423
0.87358367 0.078433973
0.87608367 0.077724515
0.87858367 0.11300784
0.88108367 0.035482867
0.88358367 0.08558739
0.88608367 0.069472921
0.88858367 0.085693283
0.89108367 0.10404218
0.89358367 0.067952165
0.89608367 0.08036793
0.89858367 0.10364431
0.90108367 0.11473106
0.90358367 0.14515601
0.90608367 0.098376645
0.90858367 0.087645747
0.91108367 0.085993989
0.91358367 0.16909351
0.91608367 0.11858287
0.91858367 0.14962964
0.92108367 0.073309602
0.92358367 0.11682478
0.92608367 0.15586666
0.92858367 0.186236
0.93108367 0.10327831
0.93358367 0.12706591
0.93608367 0.14966917
0.93858367 0.21200659
0.94108367 0.21916263
0.94358367 0.13698549
0.94608367 0.19897263
0.94858367 0.15311797
0.95108367 0.24862678
0.95358367 0.25414452
0.95608367 0.24150658
0.95858367 0.21421115
0.96108367 0.274844
0.96358367 0.53017901
0.96608367 0.30340405
0.96858367 0.17332093
0.97108367 2.0484829
0.97358367 0.27679649
0.97608367 -0.3905276
0.97858367 0.017957041
0.98108367 -0.12131838
0.98358367 0.24901437
0.98608367 0.40824468
0.98858367 0.76030818
0.99108367 0.88126208
0.99358367 0.89771231
0.99608367 1.645772
0.99858367 0.073578962
1.0010837 0.18208702
1.0035837 0.13208397
1.0060837 0.13759389
1.0085837 0.077171969
1.0110837 0.11730172
1.0135837 0.17078133
1.0160837 0.15078968
1.0185837 0.14949307
1.0210837 0.085246675
1.0235837 0.17394014
1.0260837 0.17575721
1.0285837 0.22112508
1.0310837 0.14112083
1.0335837 0.17275128
1.0360837 0.068421396
1.0385837 0.077826
1.0410837 0.080711317
1.0435837 0.01774164
1.0460837 -0.028703644
1.0485837 0.10515357
1.0510837 0.079422686
1.0535837 0.11030344
1.0560837 0.069920225
1.0585837 0.021779593
1.0610837 0.10044411
1.0635837 0.073131852
1.0660837 0.063699889
1.0685837 0.052315788
1.0710837 0.054873999
1.0735837 0.022471014
1.0760837 0.097059888
1.0785837 0.072086091
1.0810837 0.089753805
1.0835837 0.021532765
1.0860837 0.062087359
1.0885837 0.10398671
1.0910837 0.077937884
1.0935837 0.090809029
1.0960837 0.05038079
1.0985837 0.060467473
1.1010837 0.10514001
1.1035837 0.085418391
1.1060837 4.0171426
1.1085837 0.070708814
1.1110837 0.03899257
1.1135837 0.10623772
1.1160837 0.0993502
1.1185837 0.10208608
1.1210837 0.032110828
1.1235837 0.085360759
1.1260837 0.10199978
1.1285837 0.093063732
1.1310837 0.46226372
1.1335837 0.053256819
1.1360837 0.02683452
1.1385837 0.082781782
1.1410837 0.074159389
1.1435837 0.088351166
1.1460837 0.053875638
1.1485837 0.018605095
1.1510837 0.091991704
1.1535837 0.067862654
1.1560837 0.080355505
1.1585837 0.56615336
1.1610837 0.044861531
1.1635837 0.077204048
1.1660837 0.071103526
1.1685837 0.064887187
1.1710837 0.042050638
1.1735837 0.069770214
1.1760837 0.055148149
1.1785837 0.22926432
1.1810837 0.12625949
1.1835837 0.10166042
1.1860837 0.042892501
1.1885837 0.056388363
1.1910837 0.07486922
1.1935837 0.0031945753
1.1960837 0.033179218
1.1985837 0.024826993
1.2010837 0.052418693
1.2035837 0.11111179
1.2060837 0.016702121
1.2085837 0.083182271
1.2110837 1.975261
1.2135837 5.7515594
1.2160837 0.11293624
1.2185837 0.10052504
1.2210837 0.13328789
1.2235837 0.099918418
1.2260837 0.097263765
1.2285837 -0.025409427
1.2310837 -0.28098928
1.2335837 -0.44504848
1.2360837 -0.56806928
1.2385837 -0.50937311
1.2410837 -0.49215582
1.2435837 -0.52549698
1.2460837 -0.25676109
1.2485837 -0.62259205
1.2510837 -0.51915232
1.2535837 -0.21674639
1.2560837 -0.30818836
1.2585837 -0.17944185
1.2610837 -0.52525705
1.2635837 -0.39511096
1.2660837 -0.13932219
1.2685837 -0.31642741
1.2710837 0.032521913
1.2735837 -0.37030235
1.2760837 -0.28767562
1.2785837 0.04515884
1.2810837 -0.15727071
1.2835837 -0.13875641
1.2860837 -0.11673652
1.2885837 -0.14309015
1.2910837 0.071655484
1.2935837 -0.092621735
1.2960837 -0.10500721
1.2985837 -0.086734844
1.3010837 -0.0021987228
1.3035837 0.046413955
1.3060837 0.032465175
1.3085837 0.00016556934
1.3110837 -0.11875041
1.3135837 0.30671041
1.3160837 -0.023607684
1.3185837 -0.050003255
1.3210837 -0.13129642
1.3235837 -0.25386632
1.3260837 -0.13327988
1.3285837 -0.12454957
1.3310837 0.0036171217
1.3335837 -0.10908989
1.3360837 -0.22038589
1.3385837 -0.09380435
1.3410837 0.031980207
1.3435837 -0.19526643
1.3460837 -0.04718767
1.3485837 -0.064369626
1.3510837 0.023922008
1.3535837 0.0037870015
1.3560837 -0.12269601
1.3585837 -0.13379033
1.3610837 -0.11522759
1.3635837 -0.11070207
1.3660837 -0.072294656
1.3685837 -0.094070177
1.3710837 -0.10149264
1.3735837 -0.096480448
1.3760837 -0.084283648
1.3785837 0.011813071
1.3810837 -0.012866955
1.3835837 0.0036030753
1.3860837 -0.052404932
1.3885837 -0.023175354
1.3910837 -0.0030736407
1.3935837 0.027006226
1.3960837 -0.013955689
1.3985837 -0.0092356242
1.4010837 -0.0047658851
1.4035837 0.076080446
1.4060837 -0.030217315
1.4085837 0.030256983
1.4110837 -0.008086525
1.4135837 0.10019931
1.4160837 0.11690439
1.4185837 0.043230542
1.4210837 0.067171337
1.4235837 0.033781793
1.4260837 0.099827686
1.4285837 0.11136602
1.4310837 0.058293748
1.4335837 0.11111436
1.4360837 0.049446324
1.4385837 0.10276022
1.4410837 0.067546537
1.4435837 0.15514114
1.4460837 0.1288546
1.4485837 0.10809709
1.4510837 0.12668762
1.4535837 0.17765716
1.4560837 0.045851091
1.4585837 0.18548
1.4610837 0.050676421
1.4635837 0.15537042
1.4660837 0.15885469
1.4685837 0.075454618
1.4710837 -0.2225443
1.4735837 -0.17234533
1.4760837 0.022057182
1.4785837 0.07147814
1.4810837 0.08397727
1.4835837 0.22062116
1.4860837 0.060520441
1.4885837 0.13639133
1.4910837 0.098040704
1.4935837 0.077457508
1.4960837 0.21847505
1.4985837 0.099441705
1.5010837 0.25251795
1.5035837 0.18256434
1.5060837 0.14469349
1.5085837 0.20667309
1.5110837 -0.010383232
1.5135837 0.23843486
1.5160837 0.50460952
1.5185837 0.23081245
1.5210837 0.52056371
1.5235837 0.51336402
1.5260837 0.75519293
1.5285837 0.93427277
1.5310837 0.68226912
1.5335837 0.75890441
1.5360837 0.21014115
1.5385837 0.26781663
1.5410837 0.28854855
1.5435837 0.15669167
1.5460837 0.29543997
1.5485837 0.1517256
1.5510837 0.32684895
1.5535837 0.29457338
1.5560837 0.19772918
1.5585837 0.34175445
1.5610837 0.2846359
1.5635837 0.40817839
1.5660837 0.34500398
1.5685837 0.25238419
1.5710837 0.37689627
1.5735837 0.23578378
1.5760837 0.39532847
1.5785837 0.34209443
1.5810837 0.24682424
1.5835837 0.38361712
1.5860837 0.25087604
1.5885837 0.45730956
1.5910837 0.42308671
1.5935837 0.35665552
1.5960837 0.46824113
1.5985837 0.3760403
1.6010837 0.36640532
1.6035837 0.42429659
1.6060837 0.30524933
1.6085837 0.4411359
1.6110837 0.26450566
1.6135837 0.46425092
1.6160837 0.40030555
1.6185837 0.33569601
1.6210837 0.37254368
1.6235837 0.41979018
1.6260837 0.49972938
1.6285837 0.51772398
1.6310837 0.35426992
1.6335837 0.52473552
1.6360837 0.3547356
1.6385837 0.43542396
1.6410837 0.58267925
1.6435837 0.55527118
1.6460837 0.60676909
1.6485837 0.53553982
1.6510837 1.0158581
1.6535837 0.57253669
1.6560837 0.28021176
1.6585837 0.24147265
1.6610837 0.26341625
1.6635837 0.084525863
1.6660837 0.2490705
1.6685837 0.47070523
1.6710837 13.800378
1.6735837 0.14207919
1.6760837 0.23701704
1.6785837 0.24079287
1.6810837 0.23816782
1.6835837 0.29796049
1.6860837 0.17901475
1.6885837 0.30957416
1.6910837 0.28196943
1.6935837 0.40765538
1.6960837 0.32462825
1.6985837 0.21281363
1.7010837 0.52357591
1.7035837 0.41991294
1.7060837 0.469858
1.7085837 0.57233851
1.7110837 0.40993774
1.7135837 0.61789056
1.7160837 0.64118346
1.7185837 0.70423319
1.7210837 1.0982799
1.7235837 0.94697659
1.7260837 1.8109099
1.7285837 0.18658135
1.7310837 0.20397085
1.7335837 0.27233917
1.7360837 0.12010269
1.7385837 0.29855542
1.7410837 0.29844655
1.7435837 0.17131755
1.7460837 0.3719692
1.7485837 0.14085335
1.7510837 0.36631487
1.7535837 0.32307702
1.7560837 0.27287237
1.7585837 0.37712445
1.7610837 0.1476591
1.7635837 0.41028964
1.7660837 0.3476906
1.7685837 0.23040712
1.7710837 0.42975187
1.7735837 0.29478386
1.7760837 0.47202604
1.7785837 0.53342193
1.7810837 0.27639451
1.7835837 0.63843912
1.7860837 0.45721723
1.7885837 0.40379845
1.7910837 0.53496249
1.7935837 0.31873098
1.7960837 0.81920988
1.7985837 0.47288321
1.8010837 0.61732227
1.8035837 0.6940023
1.8060837 0.47198109
1.8085837 0.58128732
1.8110837 0.76875378
1.8135837 0.576374
1.8160837 0.78420308
1.8185837 0.48793435
1.8210837 0.77931183
1.8235837 0.77867208
1.8260837 0.5607455
1.8285837 0.63627085
1.8310837 0.8373247
1.8335837 0.84785191
1.8360837 0.70497525
1.8385837 0.88662539
1.8410837 1.199168
1.8435837 1.4500449
1.8460837 1.4419159
1.8485837 0.42085112
1.8510837 0.3187235
1.8535837 0.27434641
1.8560837 0.26731092
1.8585837 0.42255761
1.8610837 0.23478429
1.8635837 0.38028281
1.8660837 0.423617
1.8685837 0.34954127
1.8710837 0.45588672
1.8735837 0.48296978
1.8760837 0.50886001
1.8785837 0.6393725
1.8810837 0.60787643
1.8835837 0.38312783
1.8860837 0.72131638
1.8885837 0.42356033
1.8910837 0.9662239
1.8935837 0.57321651
1.8960837 0.64496537
1.8985837 0.6542117
1.9010837 0.69725103
1.9035837 0.91380539
1.9060837 0.6778252
1.9085837 0.70444335
1.9110837 0.77939921
1.9135837 0.97750488
1.9160837 0.85711379
1.9185837 0.89749719
1.9210837 1.0561829
1.9235837 1.0295241
1.9260837 1.3453848
1.9285837 1.3046913
1.9310837 1.9650792
1.9335837 1.0255637
1.9360837 0.11767442
1.9385837 0.16322058
1.9410837 0.16200894
1.9435837 1.2917719
1.9460837 2.3500706
