-0.95891633 0.11645491
-0.95641633 0.17676553
-0.95391633 0.16771263
-0.95141633 0.11508185
-0.94891633 0.11616343
-0.94641633 0.091023775
-0.94391633 0.096217217
-0.94141633 0.072410168
-0.93891633 0.083592945
-0.93641633 0.081521327
-0.93391633 0.056902339
-0.93141633 0.073106103
-0.92891633 0.061560087
-0.92641633 0.070689185
-0.92391633 0.074994054
-0.92141633 0.31287817
-0.91891633 0.073899354
-0.91641633 0.065504352
-0.91391633 0.062673794
-0.91141633 0.79951434
-0.90891633 0.24320641
-0.90641633 0.14723593
-0.90391633 0.059251812
-0.90141633 0.044500158
-0.89891633 -0.0072680858
-0.89641633 0.028152652
-0.89391633 0.024493306
-0.89141633 -0.079605065
-0.88891633 -0.02030211
-0.88641633 -0.01567388
-0.88391633 -0.13709169
-0.88141633 0.023573901
-0.87891633 -0.018515671
-0.87641633 -0.02782489
-0.87391633 -0.12558991
-0.87141633 -0.060589202
-0.86891633 -0.072421523
-0.86641633 0.042370948
-0.86391633 -0.20200808
-0.86141633 -0.051328579
-0.85891633 -0.064510932
-0.85641633 -0.068608737
-0.85391633 0.035845855
-0.85141633 -0.15177776
-0.84891633 -0.055259129
-0.84641633 -0.072050287
-0.84391633 -0.098362198
-0.84141633 0.035374128
-0.83891633 -0.078422769
-0.83641633 -0.18298429
-0.83391633 -0.10735357
-0.83141633 0.023155981
-0.82891633 -0.08457258
-0.82641633 -0.049927355
-0.82391633 -0.064473612
-0.82141633 -0.051128131
-0.81891633 -0.062682318
-0.81641633 0.024071349
-0.81391633 -0.11845357
-0.81141633 -0.052096926
-0.80891633 -0.057329365
-0.80641633 -0.082871291
-0.80391633 0.025379129
-0.80141633 -0.074835502
-0.79891633 -0.073927316
-0.79641633 -0.078351292
-0.79391633 -0.094382633
-0.79141633 0.021638458
-0.78891633 -0.02876592
-0.78641633 -0.004315641
-0.78391633 -0.0071147079
-0.78141633 -0.024643737
-0.77891633 0.020419275
-0.77641633 -3.8437354e-05
-0.77391633 -0.020181624
-0.77141633 -0.0079671095
-0.76891633 -0.0025972748
-0.76641633 0.0040707156
-0.76391633 0.0016360394
-0.76141633 -0.0063978461
-0.75891633 0.0066698774
-0.75641633 -0.014669919
-0.75391633 0.018510134
-0.75141633 -0.0099155073
-0.74891633 0.053822882
-0.74641633 0.070527463
-0.74391633 0.053188493
-0.74141633 0.017234959
-0.73891633 0.061927368
-0.73641633 0.055770028
-0.73391633 0.073237227
-0.73141633 -0.0020739782
-0.72891633 0.064534423
-0.72641633 0.068819144
-0.72391633 0.05035354
-0.72141633 0.060706102
-0.71891633 0.057537228
-0.71641633 0.015965373
-0.71391633 0.06254119
-0.71141633 0.11195134
-0.70891633 0.13036161
-0.70641633 0.1214879
-0.70391633 0.0055994936
-0.70141633 0.11447766
-0.69891633 0.11090971
-0.69641633 0.093922255
-0.69391633 0.14304932
-0.69141633 0.011032425
-0.68891633 0.11302114
-0.68641633 0.10781502
-0.68391633 0.095585531
-0.68141633 0.091313158
-0.67891633 0.01382651
-0.67641633 0.097807569
-0.67391633 0.08597746
-0.67141633 0.078831277
-0.66891633 0.10354846
-0.66641633 0.12891355
-0.66391633 0.055691717
-0.66141633 0.15391027
-0.65891633 0.1159074
-0.65641633 0.066901987
-0.65391633 0.11728895
-0.65141633 0.05589659
-0.64891633 0.12257047
-0.64641633 0.10135099
-0.64391633 0.079880435
-0.64141633 0.067795512
-0.63891633 0.0799777
-0.63641633 0.11095081
-0.63391633 0.089935082
-0.63141633 0.13427496
-0.62891633 0.046930315
-0.62641633 0.10589052
-0.62391633 0.11559366
-0.62141633 0.09826038
-0.61891633 0.098006036
-0.61641633 0.086957538
-0.61391633 0.045862481
-0.61141633 0.12396018
-0.60891633 0.10789413
-0.60641633 0.082694842
-0.60391633 0.048314318
-0.60141633 0.099272751
-0.59891633 0.11203927
-0.59641633 0.10182232
-0.59391633 0.11978732
-0.59141633 0.032441863
-0.58891633 0.10972387
-0.58641633 0.10362894
-0.58391633 0.089926629
-0.58141633 0.10421815
-0.57891633 0.027534729
-0.57641633 0.10641578
-0.57391633 0.098341694
-0.57141633 0.092513842
-0.56891633 0.070978202
-0.56641633 0.036759735
-0.56391633 0.10707083
-0.56141633 0.087887417
-0.55891633 0.083766993
-0.55641633 0.058064436
-0.55391633 0.070226469
-0.55141633 0.051801639
-0.54891633 0.086275221
-0.54641633 0.082332057
-0.54391633 0.094106044
-0.54141633 0.056470545
-0.53891633 0.056703404
-0.53641633 0.089722165
-0.53391633 0.077992549
-0.53141633 0.45803107
-0.52891633 0.24291791
-0.52641633 0.084514601
-0.52391633 0.08378544
-0.52141633 0.074455195
-0.51891633 0.0083888592
-0.51641633 -0.023646808
-0.51391633 -0.00040694179
-0.51141633 -0.0075643865
-0.50891633 -0.010474535
-0.50641633 0.014238098
-0.50391633 0.01018857
-0.50141633 0.02571399
-0.49891633 0.032937756
-0.49641633 0.06185307
-0.49391633 0.073464032
-0.49141633 0.063376624
-0.48891633 0.074881398
-0.48641633 0.1101418
-0.48391633 0.13912177
-0.48141633 0.14239625
-0.47891633 0.10002678
-0.47641633 0.10390484
-0.47391633 0.17366094
-0.47141633 0.16344261
-0.46891633 0.13158716
-0.46641633 0.18635213
-0.46391633 0.16113827
-0.46141633 0.19832773
-0.45891633 0.19217239
-0.45641633 0.13546191
-0.45391633 0.13048896
-0.45141633 0.25339008
-0.44891633 0.23225534
-0.44641633 0.20610726
-0.44391633 0.13765344
-0.44141633 0.14549121
-0.43891633 0.10508353
-0.43641633 0.18090998
-0.43391633 0.15743545
-0.43141633 0.10209216
-0.42891633 0.11880705
-0.42641633 0.19382489
-0.42391633 0.13398217
-0.42141633 0.16266245
-0.41891633 0.049213617
-0.41641633 0.08850647
-0.41391633 0.039266019
-0.41141633 0.041177184
-0.40891633 -0.032577569
-0.40641633 0.0093931812
-0.40391633 0.25983526
-0.40141633 0.091542615
-0.39891633 0.048191231
-0.39641633 0.030912566
-0.39391633 0.05200208
-0.39141633 0.083042908
-0.38891633 0.081641645
-0.38641633 0.15351297
-0.38391633 0.12633671
-0.38141633 0.19680127
-0.37891633 0.16558911
-0.37641633 0.24408886
-0.37391633 0.24176119
-0.37141633 0.12585589
-0.36891633 0.24986998
-0.36641633 0.20899125
-0.36391633 0.094657896
-0.36141633 0.086284881
-0.35891633 0.06967405
-0.35641633 -0.022228515
-0.35391633 -0.072993435
-0.35141633 -0.026869689
-0.34891633 -0.073516823
-0.34641633 -0.034696972
-0.34391633 -0.036700971
-0.34141633 -0.029227333
-0.33891633 -0.020199194
-0.33641633 1.3461031
-0.33391633 0.64140376
-0.33141633 -0.0088207642
-0.32891633 -0.0027094966
-0.32641633 -9.8870239e-05
-0.32391633 0.0039571469
-0.32141633 0.012192455
-0.31891633 0.010873165
-0.31641633 0.023685387
-0.31391633 0.013473833
-0.31141633 0.031883215
-0.30891633 0.031620993
-0.30641633 0.025615779
-0.30391633 0.04535913
-0.30141633 0.026760979
-0.29891633 0.044587944
-0.29641633 0.052869635
-0.29391633 0.027020761
-0.29141633 0.054250441
-0.28891633 0.042813909
-0.28641633 0.04740038
-0.28391633 0.03813885
-0.28141633 0.044408346
-0.27891633 0.066265888
-0.27641633 0.029328634
-0.27391633 0.06586861
-0.27141633 0.053055762
-0.26891633 0.046764628
-0.26641633 0.055685158
-0.26391633 0.053605121
-0.26141633 0.071613785
-0.25891633 0.053774141
-0.25641633 0.056004135
-0.25391633 0.059411741
-0.25141633 0.057162041
-0.24891633 0.064848389
-0.24641633 0.049700346
-0.24391633 0.038581894
-0.24141633 0.032610271
-0.23891633 0.040821183
-0.23641633 0.035933311
-0.23391633 0.0027204898
-0.23141633 0.00082711906
-0.22891633 -0.001488072
-0.22641633 0.0044186613
-0.22391633 0.0040804609
-0.22141633 0.0015890569
-0.21891633 -0.00016550741
-0.21641633 1.8665217
-0.21391633 0.44574648
-0.21141633 0.18232021
-0.20891633 0.16675306
-0.20641633 -0.0084569163
-0.20391633 0.085246293
-0.20141633 0.037973569
-0.19891633 -0.018425447
-0.19641633 0.032040177
-0.19391633 -0.034094353
-0.19141633 0.0055189068
-0.18891633 -0.019286536
-0.18641633 -0.014410848
-0.18391633 -0.024975534
-0.18141633 -0.039237489
-0.17891633 -0.023891159
-0.17641633 -0.039226801
-0.17391633 -0.022661891
-0.17141633 -0.018091389
-0.16891633 -0.044161901
-0.16641633 -0.042682843
-0.16391633 -0.047729527
-0.16141633 -0.058198713
-0.15891633 -0.033662219
-0.15641633 -0.034681062
-0.15391633 -0.045170276
-0.15141633 -0.046012938
-0.14891633 -0.061633312
-0.14641633 -0.034715305
-0.14391633 -0.034181973
-0.14141633 -0.044909667
-0.13891633 -0.049068915
-0.13641633 -0.047312241
-0.13391633 -0.041728437
-0.13141633 -0.030301651
-0.12891633 -0.045616176
-0.12641633 -0.0354541
-0.12391633 -0.06084168
-0.12141633 -0.016319185
-0.11891633 -0.048920775
-0.11641633 -0.037499685
-0.11391633 -0.042696854
-0.11141633 -0.039034403
-0.10891633 -0.043990907
-0.10641633 -0.022888919
-0.10391633 -0.032616926
-0.10141633 -0.039624355
-0.09891633 -0.029714055
-0.09641633 -0.043611545
-0.09391633 -0.0076678686
-0.09141633 -0.021744906
-0.08891633 -0.02359587
-0.08641633 0.034826125
-0.08391633 -0.012956416
-0.08141633 0.11889898
-0.07891633 0.033240118
-0.07641633 0.038821497
-0.07391633 -0.084575226
-0.07141633 -0.025025193
-0.06891633 0.062675919
-0.06641633 0.13510681
-0.06391633 0.11050508
-0.06141633 0.080475697
-0.05891633 0.011716979
-0.05641633 0.0035838655
-0.05391633 -0.016314698
-0.05141633 -0.0056338081
-0.04891633 -0.0075859371
-0.04641633 -0.0073367717
-0.04391633 0.0018219521
-0.04141633 -0.0045958238
-0.03891633 0.0032512215
-0.03641633 0.0030230544
-0.03391633 0.0036300244
-0.03141633 0.002814221
-0.02891633 0.0027469979
-0.02641633 0.0021430746
-0.02391633 0.0035490264
-0.02141633 0.37665764
-0.01891633 -0.046730619
-0.01641633 -0.18138851
-0.01391633 -0.032204804
-0.01141633 0.085946139
-0.00891633 0.15367685
-0.00641633 0.21562559
-0.00391633 0.04931194
-0.00141633 0.0069691977
0.00108367 0.021003518
0.00358367 0.019093958
0.00608367 0.0052705829
0.00858367 -0.0076301158
0.01108367 0.01185778
0.01358367 0.022484385
0.01608367 0.060259323
0.01858367 0.036570809
0.02108367 0.044883728
0.02358367 0.052290655
0.02608367 0.048740175
0.02858367 0.067613986
0.03108367 0.049705588
0.03358367 0.067099585
0.03608367 0.057210688
0.03858367 0.070895355
0.04108367 0.080891698
0.04358367 0.05076582
0.04608367 0.061008985
0.04858367 0.060202788
0.05108367 0.073182686
0.05358367 0.089335509
0.05608367 0.059714601
0.05858367 0.054352537
0.06108367 0.066679585
0.06358367 0.083109279
0.06608367 0.13888756
0.06858367 0.093613597
0.07108367 0.099662577
0.07358367 0.074663225
0.07608367 0.094278642
0.07858367 0.084828307
0.08108367 0.079267153
0.08358367 0.07065026
0.08608367 0.039652318
0.08858367 0.10359806
0.09108367 0.080184281
0.09358367 0.095248794
0.09608367 0.043415319
0.09858367 0.094793331
0.10108367 0.081033597
0.10358367 0.11303632
0.10608367 0.084725811
0.10858367 0.077130039
0.11108367 0.05600472
0.11358367 0.11595019
0.11608367 0.11785048
0.11858367 0.09062883
0.12108367 0.094514556
0.12358367 0.069784942
0.12608367 0.088640057
0.12858367 0.1220256
0.13108367 0.11145964
0.13358367 0.11823978
0.13608367 0.038418528
0.13858367 0.12020826
0.14108367 0.12536948
0.14358367 0.11738893
0.14608367 0.12740519
0.14858367 0.084880139
0.15108367 0.12116662
0.15358367 0.12573773
0.15608367 0.12746398
0.15858367 0.091803589
0.16108367 0.12149648
0.16358367 0.18637898
0.16608367 0.13295347
0.16858367 0.13460791
0.17108367 0.19537203
0.17358367 0.10134882
0.17608367 0.20514617
0.17858367 0.22828301
0.18108367 0.21933523
0.18358367 0.25059086
0.18608367 0.22915796
0.18858367 0.33816269
0.19108367 0.39136449
0.19358367 0.4395342
0.19608367 0.76020733
0.19858367 -0.0060859655
0.20108367 -0.0060277907
0.20358367 -0.0068451553
0.20608367 -0.004666251
0.20858367 -0.0058218102
0.21108367 -0.0019638365
0.21358367 -0.00076822005
0.21608367 0.00092233454
0.21858367 0.000962469
0.22108367 -0.00031321978
0.22358367 0.00095665958
0.22608367 0.00050215955
0.22858367 0.00086899181
0.23108367 0.0031728926
0.23358367 0.025318725
0.23608367 0.047560859
0.23858367 0.10036677
0.24108367 0.12072029
0.24358367 0.14655173
0.24608367 0.15616373
0.24858367 0.20074798
0.25108367 0.22146574
0.25358367 0.19638169
0.25608367 0.25667662
0.25858367 0.27627971
0.26108367 0.18564542
0.26358367 0.34628703
0.26608367 0.31455844
0.26858367 0.30393066
0.27108367 0.19154986
0.27358367 0.32144829
0.27608367 0.31729724
0.27858367 0.23534398
0.28108367 0.3099193
0.28358367 0.26678026
0.28608367 0.16313782
0.28858367 0.26484489
0.29108367 0.24824874
0.29358367 0.21014187
0.29608367 0.11680421
0.29858367 0.19629743
0.30108367 0.1524676
0.30358367 0.11955176
0.30608367 0.069335976
0.30858367 0.050879887
0.31108367 0.021977925
0.31358367 0.010021693
0.31608367 0.0030363965
0.31858367 -0.024761929
0.32108367 -0.0076410324
0.32358367 0.0080176049
0.32608367 -0.016859481
0.32858367 0.0003414147
0.33108367 -0.022617131
0.33358367 -0.014241625
0.33608367 -0.0047631347
0.33858367 -0.35886776
0.34108367 -0.2004783
0.34358367 -0.24284277
0.34608367 -0.21607526
0.34858367 -0.20670046
0.35108367 -0.24553238
0.35358367 -0.22437814
0.35608367 -0.17762642
0.35858367 -0.20340715
0.36108367 -0.16640385
0.36358367 -0.23516237
0.36608367 -0.16884629
0.36858367 -0.15056983
0.37108367 -0.18937259
0.37358367 -0.13016076
0.37608367 -0.18861884
0.37858367 -0.18978876
0.38108367 -0.13347748
0.38358367 -0.071276309
0.38608367 -0.17123148
0.38858367 -0.15730558
0.39108367 -0.13648233
0.39358367 -0.11416766
0.39608367 -0.096814414
0.39858367 -0.11392376
0.40108367 -0.10985705
0.40358367 -0.12043916
0.40608367 -0.052558477
0.40858367 -0.095092045
0.41108367 -0.075687477
0.41358367 -0.12666201
0.41608367 -0.0864187
0.41858367 -0.097065726
0.42108367 -0.003321273
0.42358367 -0.087705603
0.42608367 -0.077068664
0.42858367 -0.039523044
0.43108367 -0.093442933
0.43358367 -0.0030950804
0.43608367 -0.032239458
0.43858367 -0.038298416
0.44108367 -0.055057387
0.44358367 -0.014308344
0.44608367 -0.033537981
0.44858367 -0.0064949676
0.45108367 -0.026154057
0.45358367 -0.017464392
0.45608367 -0.049064125
0.45858367 0.035416695
0.46108367 -0.0045837639
0.46358367 -0.0083731285
0.46608367 0.017336024
0.46858367 -0.029968604
0.47108367 0.023286141
0.47358367 0.021536839
0.47608367 0.038755442
0.47858367 0.023132742
0.48108367 0.021201066
0.48358367 -0.0065700453
0.48608367 0.045565114
0.48858367 0.029726488
0.49108367 0.042252616
0.49358367 0.015954891
0.49608367 0.041455618
0.49858367 0.049990847
0.50108367 0.052827703
0.50358367 0.062370267
0.50608367 0.029616031
0.50858367 0.040527411
0.51108367 0.064949781
0.51358367 0.06978811
0.51608367 0.094286714
0.51858367 0.04551813
0.52108367 0.025882791
0.52358367 0.097127798
0.52608367 0.095059022
0.52858367 0.080928623
0.53108367 0.045689428
0.53358367 0.041793105
0.53608367 0.095868054
0.53858367 0.11462589
0.54108367 0.10306277
0.54358367 0.10399115
0.54608367 0.0031651204
0.54858367 0.11420465
0.55108367 0.10636967
0.55358367 0.12456556
0.55608367 0.040252874
0.55858367 0.091067749
0.56108367 0.1272706
0.56358367 0.1157174
0.56608367 0.11558067
0.56858367 0.11375611
0.57108367 0.013471979
0.57358367 0.15513198
0.57608367 0.12247649
0.57858367 0.13912213
0.58108367 0.098099063
0.58358367 0.026735787
0.58608367 0.14358038
0.58858367 0.12168812
0.59108367 0.16221955
0.59358367 0.051117731
0.59608367 0.084445211
0.59858367 0.13005967
0.60108367 0.14245672
0.60358367 0.15813304
0.60608367 0.096765914
0.60858367 0.050367921
0.61108367 0.14669093
0.61358367 0.13244982
0.61608367 0.1424526
0.61858367 0.13356877
0.62108367 0.041789751
0.62358367 0.15355098
0.62608367 0.14236706
0.62858367 0.16583644
0.63108367 0.12216611
0.63358367 0.030038771
0.63608367 0.14839414
0.63858367 0.13617477
0.64108367 0.17104731
0.64358367 0.10551409
0.64608367 0.081041003
0.64858367 0.10142894
0.65108367 0.17916559
0.65358367 0.13776764
0.65608367 0.11895035
0.65858367 0.020465229
0.66108367 0.18795471
0.66358367 0.13537156
0.66608367 0.1391044
0.66858367 0.15116026
0.67108367 0.025724425
0.67358367 0.14881476
0.67608367 0.13539191
0.67858367 0.1689255
0.68108367 0.12975499
0.68358367 0.07099706
0.68608367 0.10123942
0.68858367 0.1683976
0.69108367 0.14204653
0.69358367 0.1010583
0.69608367 0.053107467
0.69858367 0.16328483
0.70108367 0.1329057
0.70358367 0.15758776
0.70608367 0.10924556
0.70858367 0.077232625
0.71108367 0.10881362
0.71358367 0.1938266
0.71608367 0.13310431
0.71858367 0.091141186
0.72108367 0.049960929
0.72358367 0.1923247
0.72608367 0.13456088
0.72858367 0.13067646
0.73108367 0.1202548
0.73358367 0.15494412
0.73608367 0.63462036
0.73858367 0.54170818
0.74108367 0.47226275
0.74358367 0.29205771
0.74608367 0.24118918
0.74858367 0.28697152
0.75108367 0.29792029
0.75358367 0.24606184
0.75608367 0.23109808
0.75858367 0.14980573
0.76108367 0.22172744
0.76358367 0.20905865
0.76608367 0.19107136
0.76858367 0.13190426
0.77108367 0.10871497
0.77358367 0.16149108
0.77608367 0.12967851
0.77858367 0.13417761
0.78108367 0.09013712
0.78358367 0.028704277
0.78608367 0.12000272
0.78858367 0.11618792
0.79108367 0.095468024
0.79358367 0.053589022
0.79608367 0.0045728858
0.79858367 0.11199434
0.80108367 0.059936197
0.80358367 0.11927292
0.80608367 0.042329848
0.80858367 -0.0095382174
0.81108367 0.091194789
0.81358367 0.083237763
0.81608367 0.085998078
0.81858367 0.019632297
0.82108367 -0.0027432114
0.82358367 0.089722121
0.82608367 0.045936154
0.82858367 0.13221066
0.83108367 0.0035387869
0.83358367 0.016732992
0.83608367 0.056140529
0.83858367 0.10508936
0.84108367 0.10445799
0.84358367 0.049290608
0.84608367 0.011834752
0.84858367 0.10960458
0.85108367 0.079592492
0.85358367 0.15853837
0.85608367 0.1879702
0.85858367 0.047574474
0.86108367 0.1912104
0.86358367 0.098997761
0.86608367 0.10873849
0.86858367 0.087038968
0.87108367 0.038654561
0.87358367 0.091718033
0.87608367 0.10466885
0.87858367 0.11846045
0.88108367 0.049505681
0.88358367 0.1044035
0.88608367 0.094283636
0.88858367 0.10186065
0.89108367 0.11776894
0.89358367 0.081143602
0.89608367 0.091299462
0.89858367 0.11934414
0.90108367 0.13104939
0.90358367 0.15045866
0.90608367 0.1033509
0.90858367 0.09197991
0.91108367 0.10829487
0.91358367 0.17450096
0.91608367 0.12845497
0.91858367 0.16694676
0.92108367 0.07700848
0.92358367 0.12990349
0.92608367 0.16669047
0.92858367 0.20228499
0.93108367 0.12006219
0.93358367 0.12718569
0.93608367 0.16278467
0.93858367 0.21981718
0.94108367 0.23197714
0.94358367 0.15099831
0.94608367 0.20818602
0.94858367 0.15929035
0.95108367 0.26565002
0.95358367 0.2505215
0.95608367 0.2505221
0.95858367 0.18818816
0.96108367 0.23945027
0.96358367 0.3164209
0.96608367 0.24226638
0.96858367 0.18259085
0.97108367 2.074062
0.97358367 0.02419076
0.97608367 -0.70649042
0.97858367 -0.20615989
0.98108367 -0.28273693
0.98358367 0.28598516
0.98608367 0.53285772
0.98858367 1.0117228
0.99108367 0.93080726
0.99358367 0.78714088
0.99608367 1.3734543
0.99858367 0.1009565
1.0010837 0.21563137
1.0035837 0.16255158
1.0060837 0.18876565
1.0085837 0.10887808
1.0110837 0.1442285
1.0135837 0.21337738
1.0160837 0.19996991
1.0185837 0.21188431
1.0210837 0.14756871
1.0235837 0.23419376
1.0260837 0.21717396
1.0285837 0.25625386
1.0310837 0.16169674
1.0335837 0.16692752
1.0360837 0.05159513
1.0385837 0.047899672
1.0410837 0.049818144
1.0435837 -0.0034307622
1.0460837 -0.049083854
1.0485837 0.10390733
1.0510837 0.082258067
1.0535837 0.11316637
1.0560837 0.073137502
1.0585837 0.0199795
1.0610837 0.10268062
1.0635837 0.075461592
1.0660837 0.095241475
1.0685837 0.084018557
1.0710837 0.056365617
1.0735837 0.02360114
1.0760837 0.099462447
1.0785837 0.072543069
1.0810837 0.091853339
1.0835837 0.018960499
1.0860837 0.066516548
1.0885837 0.10219172
1.0910837 0.074175621
1.0935837 0.094111474
1.0960837 0.041174526
1.0985837 0.058197034
1.1010837 0.10246928
1.1035837 0.075171075
1.1060837 4.4699975
1.1085837 0.062804737
1.1110837 0.025802097
1.1135837 0.095715809
1.1160837 0.081449182
1.1185837 0.098399349
1.1210837 0.01480413
1.1235837 0.075567843
1.1260837 0.094313072
1.1285837 0.083524861
1.1310837 0.46768024
1.1335837 0.057254538
1.1360837 0.039291442
1.1385837 0.077985764
1.1410837 0.068051737
1.1435837 0.088145654
1.1460837 0.05200977
1.1485837 0.0052380017
1.1510837 0.091288879
1.1535837 0.060334444
1.1560837 0.080686946
1.1585837 0.5733827
1.1610837 0.013992156
1.1635837 0.075594784
1.1660837 0.063877698
1.1685837 0.060386346
1.1710837 0.03398053
1.1735837 0.073190347
1.1760837 0.044855358
1.1785837 0.22594861
1.1810837 0.11981751
1.1835837 0.11087222
1.1860837 0.050718679
1.1885837 0.078597571
1.1910837 0.096033219
1.1935837 0.041832992
1.1960837 0.070310378
1.1985837 0.046794605
1.2010837 0.06956076
1.2035837 0.12256286
1.2060837 0.034976955
1.2085837 0.093566007
1.2110837 0.18149236
1.2135837 5.3190399
1.2160837 0.11389552
1.2185837 0.098254469
1.2210837 0.12810821
1.2235837 0.1243396
1.2260837 0.11442754
1.2285837 -0.040406374
1.2310837 -0.23159714
1.2335837 -0.43473258
1.2360837 -0.55674901
1.2385837 -0.52700189
1.2410837 -0.49510203
1.2435837 -0.51383637
1.2460837 -0.31174451
1.2485837 -0.65948981
1.2510837 -0.5327016
1.2535837 -0.26988053
1.2560837 -0.357582
1.2585837 -0.23675657
1.2610837 -0.54071299
1.2635837 -0.3902241
1.2660837 -0.18451098
1.2685837 -0.34287575
1.2710837 -0.00093530625
1.2735837 -0.39732098
1.2760837 -0.32439278
1.2785837 0.024176821
1.2810837 -0.20178826
1.2835837 -0.18671386
1.2860837 -0.11648672
1.2885837 -0.19395184
1.2910837 0.046878039
1.2935837 -0.12118143
1.2960837 -0.14581927
1.2985837 -0.08533117
1.3010837 -0.044718527
1.3035837 -0.0068276792
1.3060837 0.0098177257
1.3085837 -0.037790331
1.3110837 -0.13868126
1.3135837 0.13177631
1.3160837 -0.063492239
1.3185837 -0.090063764
1.3210837 -0.14756783
1.3235837 -0.22424011
1.3260837 -0.14812403
1.3285837 -0.10919057
1.3310837 -0.027887504
1.3335837 -0.11209526
1.3360837 -0.19590067
1.3385837 -0.11761595
1.3410837 0.0074620805
1.3435837 -0.2040858
1.3460837 -0.062306142
1.3485837 -0.066658805
1.3510837 0.0051154518
1.3535837 -0.0046911799
1.3560837 -0.11766738
1.3585837 -0.13267324
1.3610837 -0.11386001
1.3635837 -0.11446645
1.3660837 -0.07264334
1.3685837 -0.086156215
1.3710837 -0.10186409
1.3735837 -0.094933322
1.3760837 -0.088215215
1.3785837 0.0064394285
1.3810837 -0.016924728
1.3835837 0.0012019768
1.3860837 -0.055811781
1.3885837 -0.029435774
1.3910837 -0.0033451333
1.3935837 0.017130474
1.3960837 -0.02359042
1.3985837 -0.010214384
1.4010837 -0.014958721
1.4035837 0.067564036
1.4060837 -0.035243986
1.4085837 0.018268489
1.4110837 -0.021605109
1.4135837 0.090911117
1.4160837 0.099434055
1.4185837 0.047408103
1.4210837 0.055717142
1.4235837 0.03082631
1.4260837 0.087619158
1.4285837 0.10305067
1.4310837 0.05549446
1.4335837 0.098809245
1.4360837 0.047985785
1.4385837 0.094688267
1.4410837 0.052299816
1.4435837 0.14757815
1.4460837 0.12791187
1.4485837 0.11124929
1.4510837 0.13313992
1.4535837 0.17107509
1.4560837 0.061698762
1.4585837 0.18524421
1.4610837 0.058835257
1.4635837 0.15887774
1.4660837 0.14937679
1.4685837 0.048971635
1.4710837 -0.31067902
1.4735837 -0.20704928
1.4760837 -0.015823964
1.4785837 0.033040222
1.4810837 0.078227477
1.4835837 0.21290126
1.4860837 0.059247478
1.4885837 0.13694445
1.4910837 0.081198531
1.4935837 0.10428302
1.4960837 0.22139349
1.4985837 0.11864343
1.5010837 0.25318239
1.5035837 0.19149774
1.5060837 0.16127254
1.5085837 0.21589673
1.5110837 0.099324726
1.5135837 0.22482618
1.5160837 0.43805168
1.5185837 0.20947336
1.5210837 0.48626079
1.5235837 0.50191718
1.5260837 0.75764675
1.5285837 0.93330846
1.5310837 0.65625711
1.5335837 0.74380964
1.5360837 0.21162952
1.5385837 0.27766428
1.5410837 0.29330957
1.5435837 0.17322723
1.5460837 0.29568622
1.5485837 0.16631287
1.5510837 0.33843562
1.5535837 0.30233228
1.5560837 0.21797135
1.5585837 0.34680981
1.5610837 0.29506272
1.5635837 0.42085343
1.5660837 0.3499993
1.5685837 0.27676835
1.5710837 0.37850597
1.5735837 0.24539792
1.5760837 0.40433245
1.5785837 0.34650217
1.5810837 0.26487681
1.5835837 0.38159212
1.5860837 0.25724305
1.5885837 0.46688454
1.5910837 0.42885137
1.5935837 0.37335943
1.5960837 0.47633377
1.5985837 0.37986813
1.6010837 0.37561524
1.6035837 0.42592349
1.6060837 0.31809874
1.6085837 0.43578012
1.6110837 0.27576402
1.6135837 0.46859975
1.6160837 0.40921876
1.6185837 0.34578364
1.6210837 0.37579056
1.6235837 0.41614744
1.6260837 0.4921129
1.6285837 0.50741612
1.6310837 0.35104898
1.6335837 0.52212195
1.6360837 0.36352329
1.6385837 0.4390303
1.6410837 0.57376869
1.6435837 0.55889771
1.6460837 0.60469375
1.6485837 0.54753352
1.6510837 0.96505022
1.6535837 0.57565687
1.6560837 0.29433601
1.6585837 0.25715534
1.6610837 0.27266471
1.6635837 0.099365954
1.6660837 0.2490367
1.6685837 0.48977592
1.6710837 13.445666
1.6735837 0.14426006
1.6760837 0.23754865
1.6785837 0.24136442
1.6810837 0.24049815
1.6835837 0.30244821
1.6860837 0.18090879
1.6885837 0.31177924
1.6910837 0.28613083
1.6935837 0.39875584
1.6960837 0.32890376
1.6985837 0.22185154
1.7010837 0.52024135
1.7035837 0.43804547
1.7060837 0.48083242
1.7085837 0.57677917
1.7110837 0.41632886
1.7135837 0.64825482
1.7160837 0.66115836
1.7185837 0.70823238
1.7210837 1.1216441
1.7235837 0.9365509
1.7260837 1.8048695
1.7285837 0.18264403
1.7310837 0.205729
1.7335837 0.27388652
1.7360837 0.12052273
1.7385837 0.30555288
1.7410837 0.29389596
1.7435837 0.16992777
1.7460837 0.39956026
1.7485837 0.14158636
1.7510837 0.3686693
1.7535837 0.32854392
1.7560837 0.26806622
1.7585837 0.37777982
1.7610837 0.15391995
1.7635837 0.41206412
1.7660837 0.34136148
1.7685837 0.23688807
1.7710837 0.4285009
1.7735837 0.29274232
1.7760837 0.48236035
1.7785837 0.52848381
1.7810837 0.29001776
1.7835837 0.64253926
1.7860837 0.45222793
1.7885837 0.41813296
1.7910837 0.52572183
1.7935837 0.32007553
1.7960837 0.82510998
1.7985837 0.47842878
1.8010837 0.62883105
1.8035837 0.65889844
1.8060837 0.46978123
1.8085837 0.58637713
1.8110837 0.74860213
1.8135837 0.57835611
1.8160837 0.76828388
1.8185837 0.4795887
1.8210837 0.75599023
1.8235837 0.75819655
1.8260837 0.54938531
1.8285837 0.61671395
1.8310837 0.83673789
1.8335837 0.77961242
1.8360837 0.67710343
1.8385837 0.8803195
1.8410837 1.2218773
1.8435837 1.5023706
1.8460837 1.5284141
1.8485837 0.41651259
1.8510837 0.31946846
1.8535837 0.28952999
1.8560837 0.26240834
1.8585837 0.44593729
1.8610837 0.23196342
1.8635837 0.38485575
1.8660837 0.41102075
1.8685837 0.35165976
1.8710837 0.44868645
1.8735837 0.45751003
1.8760837 0.51068671
1.8785837 0.6196752
1.8810837 0.57753732
1.8835837 0.3733293
1.8860837 0.70611392
1.8885837 0.41788653
1.8910837 0.89718069
1.8935837 0.56294826
1.8960837 0.61065009
1.8985837 0.60929249
1.9010837 0.66475137
1.9035837 0.86153511
1.9060837 0.63322523
1.9085837 0.66745611
1.9110837 0.72901682
1.9135837 0.90489641
1.9160837 0.76492295
1.9185837 0.80925347
1.9210837 0.95562808
1.9235837 0.90306284
1.9260837 1.2264732
1.9285837 1.255303
1.9310837 2.0057344
1.9335837 1.1291536
1.9360837 0.1317043
1.9385837 0.17215081
1.9410837 0.16320066
1.9435837 1.2276225
1.9460837 2.3277324
