-0.95891633 0.0015475716
-0.95641633 0.0079475208
-0.95391633 0.014256178
-0.95141633 0.013385138
-0.94891633 0.019312019
-0.94641633 0.02219867
-0.94391633 0.019375137
-0.94141633 0.022121797
-0.93891633 0.027353984
-0.93641633 0.031607493
-0.93391633 0.024108928
-0.93141633 0.03038022
-0.92891633 0.020623271
-0.92641633 0.025006566
-0.92391633 0.022861675
-0.92141633 0.01903782
-0.91891633 0.0066066334
-0.91641633 -0.0046696099
-0.91391633 0.020275606
-0.91141633 0.21057901
-0.90891633 0.37227075
-0.90641633 0.15937739
-0.90391633 0.04801549
-0.90141633 0.045660297
-0.89891633 -0.15455229
-0.89641633 -0.068375696
-0.89391633 -0.048950981
-0.89141633 -0.12250931
-0.88891633 -0.20754254
-0.88641633 -0.30327221
-0.88391633 -0.46224913
-0.88141633 -0.08489548
-0.87891633 -0.21517948
-0.87641633 -0.30246821
-0.87391633 -0.49371596
-0.87141633 -0.37033273
-0.86891633 -0.4111488
-0.86641633 0.007641388
-0.86391633 -0.77336283
-0.86141633 -0.56043186
-0.85891633 -0.5823277
-0.85641633 -0.52740814
-0.85391633 -0.013515482
-0.85141633 -0.76574782
-0.84891633 -0.5494895
-0.84641633 -0.60607082
-0.84391633 -0.64732911
-0.84141633 -0.018254922
-0.83891633 -0.64366417
-0.83641633 -0.96949317
-0.83391633 -0.70772745
-0.83141633 -0.15677246
-0.82891633 -0.82156544
-0.82641633 -0.73729387
-0.82391633 -0.91961144
-0.82141633 -0.81021284
-0.81891633 -0.78535698
-0.81641633 -0.0072897403
-0.81391633 -1.1262581
-0.81141633 -0.77091523
-0.80891633 -0.85004191
-0.80641633 -0.89989877
-0.80391633 -0.016379951
-0.80141633 -0.93606837
-0.79891633 -0.97410814
-0.79641633 -0.99416135
-0.79391633 -1.0611748
-0.79141633 0.0019066247
-0.78891633 -1.1495559
-0.78641633 -1.1083563
-0.78391633 -1.0231116
-0.78141633 -1.0810078
-0.77891633 -0.022188111
-0.77641633 -0.93403725
-0.77391633 -1.3260526
-0.77141633 -0.9009146
-0.76891633 -0.18400701
-0.76641633 -0.80905486
-0.76391633 -1.0381507
-0.76141633 -1.0654079
-0.75891633 -1.0680888
-0.75641633 -1.0883642
-0.75391633 -0.0084134833
-0.75141633 -1.1207096
-0.74891633 -1.1906689
-0.74641633 -1.1560919
-0.74391633 -1.0789247
-0.74141633 -0.02223593
-0.73891633 -1.0080253
-0.73641633 -0.9241565
-0.73391633 -1.3636416
-0.73141633 -0.18105656
-0.72891633 -0.95695502
-0.72641633 -0.82859536
-0.72391633 -1.1277017
-0.72141633 -1.0239113
-0.71891633 -1.05281
-0.71641633 -0.0095511541
-0.71391633 -1.0653376
-0.71141633 -1.0907486
-0.70891633 -1.0541464
-0.70641633 -0.99718818
-0.70391633 -0.017122298
-0.70141633 -0.95887037
-0.69891633 -0.90592595
-0.69641633 -0.82716695
-0.69391633 -1.1939019
-0.69141633 -0.012882669
-0.68891633 -0.84053748
-0.68641633 -0.88370352
-0.68391633 -0.87699658
-0.68141633 -0.86525974
-0.67891633 -0.012073961
-0.67641633 -0.83944583
-0.67391633 -0.79425987
-0.67141633 -0.72818088
-0.66891633 -0.83728461
-0.66641633 -0.63025845
-0.66391633 -0.47054553
-0.66141633 -0.89923299
-0.65891633 -0.74444278
-0.65641633 -0.5284762
-0.65391633 -0.56697742
-0.65141633 -0.42709608
-0.64891633 -0.75649823
-0.64641633 -0.65532749
-0.64391633 -0.56724097
-0.64141633 -0.44838138
-0.63891633 -0.40031612
-0.63641633 -0.62349286
-0.63391633 -0.43061456
-0.63141633 -0.70632318
-0.62891633 -0.42100638
-0.62641633 -0.41125466
-0.62391633 -0.60128576
-0.62141633 -0.48122573
-0.61891633 -0.49622188
-0.61641633 -0.53002895
-0.61391633 -0.18577212
-0.61141633 -0.6613819
-0.60891633 -0.43100588
-0.60641633 -0.5718304
-0.60391633 -0.15026619
-0.60141633 -0.45507173
-0.59891633 -0.52245275
-0.59641633 -0.40575176
-0.59391633 -0.69596786
-0.59141633 -0.032300701
-0.58891633 -0.4436717
-0.58641633 -0.48567914
-0.58391633 -0.40533373
-0.58141633 -0.62853669
-0.57891633 0.014911287
-0.57641633 -0.52621673
-0.57391633 -0.42433675
-0.57141633 -0.42676329
-0.56891633 -0.47359399
-0.56641633 0.074598333
-0.56391633 -0.52841516
-0.56141633 -0.41182131
-0.55891633 -0.40570776
-0.55641633 -0.40316619
-0.55391633 -0.22926072
-0.55141633 -0.20733876
-0.54891633 -0.3882486
-0.54641633 -0.27002314
-0.54391633 -0.47262769
-0.54141633 -0.052539319
-0.53891633 -0.28616938
-0.53641633 -0.34349003
-0.53391633 -0.25120571
-0.53141633 -0.23719581
-0.52891633 -0.031391852
-0.52641633 -0.054760809
-0.52391633 -0.25861962
-0.52141633 -0.15686636
-0.51891633 -0.15852442
-0.51641633 -0.18556825
-0.51391633 -0.2506678
-0.51141633 -0.30236878
-0.50891633 -0.33255996
-0.50641633 -0.44774688
-0.50391633 -0.033539874
-0.50141633 -0.39814897
-0.49891633 -0.43443181
-0.49641633 -0.51430725
-0.49391633 -0.38643443
-0.49141633 -0.42579152
-0.48891633 -0.27981825
-0.48641633 -0.4434516
-0.48391633 -0.51799869
-0.48141633 -0.49087925
-0.47891633 -0.20448551
-0.47641633 -0.37463872
-0.47391633 -0.47646321
-0.47141633 -0.42148114
-0.46891633 -0.34219485
-0.46641633 -0.37918046
-0.46391633 -0.35267786
-0.46141633 -0.40404671
-0.45891633 -0.35861745
-0.45641633 -0.25651908
-0.45391633 -0.25904964
-0.45141633 -0.3881612
-0.44891633 -0.39098613
-0.44641633 -0.32546767
-0.44391633 -0.24307767
-0.44141633 -0.24975759
-0.43891633 -0.21913009
-0.43641633 -0.28480058
-0.43391633 -0.24608478
-0.43141633 -0.1548481
-0.42891633 -0.15304782
-0.42641633 -0.2867663
-0.42391633 -0.19131912
-0.42141633 -0.23917153
-0.41891633 -0.094019887
-0.41641633 -0.21173606
-0.41391633 -0.11265956
-0.41141633 -0.13626447
-0.40891633 -0.039194497
-0.40641633 -0.03593074
-0.40391633 -0.0029692962
-0.40141633 -0.048056463
-0.39891633 -0.22606087
-0.39641633 -0.14264616
-0.39391633 -0.2673124
-0.39141633 -0.28516283
-0.38891633 -0.23326019
-0.38641633 -0.35409103
-0.38391633 -0.27348004
-0.38141633 -0.34601908
-0.37891633 -0.31315765
-0.37641633 -0.33045753
-0.37391633 -0.32100403
-0.37141633 -0.11875254
-0.36891633 -0.3199905
-0.36641633 -0.21413379
-0.36391633 -0.10237777
-0.36141633 -0.067169881
-0.35891633 -0.0069197828
-0.35641633 0.06012227
-0.35391633 0.12354504
-0.35141633 0.041702472
-0.34891633 0.21176303
-0.34641633 0.14449723
-0.34391633 0.14674076
-0.34141633 0.16443935
-0.33891633 0.11158257
-0.33641633 0.18428756
-0.33391633 0.14633364
-0.33141633 0.17087854
-0.32891633 0.18478749
-0.32641633 0.10202826
-0.32391633 0.19273131
-0.32141633 0.15897204
-0.31891633 0.11868691
-0.31641633 0.18071288
-0.31391633 0.086920279
-0.31141633 0.1829867
-0.30891633 0.13740078
-0.30641633 0.10375931
-0.30391633 0.16542893
-0.30141633 0.093945017
-0.29891633 0.16090472
-0.29641633 0.15249882
-0.29391633 0.075221219
-0.29141633 0.14336079
-0.28891633 0.10912334
-0.28641633 0.12247509
-0.28391633 0.10325761
-0.28141633 0.09775415
-0.27891633 0.1423735
-0.27641633 0.051640648
-0.27391633 0.13486714
-0.27141633 0.11002384
-0.26891633 0.082912944
-0.26641633 0.097033485
-0.26391633 0.085568107
-0.26141633 0.11489763
-0.25891633 0.094686797
-0.25641633 0.080513762
-0.25391633 0.081534742
-0.25141633 0.078966468
-0.24891633 0.087528991
-0.24641633 0.068462938
-0.24391633 0.046699078
-0.24141633 0.056888839
-0.23891633 0.044506537
-0.23641633 -0.02632057
-0.23391633 0.0010750795
-0.23141633 -0.0066034353
-0.22891633 0.0049354566
-0.22641633 0.002839563
-0.22391633 0.0016266538
-0.22141633 0.0047206632
-0.21891633 -0.0053140417
-0.21641633 0.11099453
-0.21391633 0.052637179
-0.21141633 0.024377729
-0.20891633 0.0055278785
-0.20641633 -0.0036119397
-0.20391633 -0.033392858
-0.20141633 -0.016455495
-0.19891633 -0.011705491
-0.19641633 -0.022157803
-0.19391633 -0.00207242
-0.19141633 -0.02816893
-0.18891633 -0.0011921188
-0.18641633 -0.0062121227
-0.18391633 0.0088448936
-0.18141633 0.0087749607
-0.17891633 0.0034917146
-0.17641633 0.021575239
-0.17391633 0.025981439
-0.17141633 0.027766614
-0.16891633 0.029278527
-0.16641633 0.028359761
-0.16391633 0.053865448
-0.16141633 0.066305999
-0.15891633 0.070700934
-0.15641633 0.018058783
-0.15391633 0.061237838
-0.15141633 0.084117897
-0.14891633 0.093241813
-0.14641633 0.09813161
-0.14391633 0.017794592
-0.14141633 0.090820841
-0.13891633 0.10498095
-0.13641633 0.089559599
-0.13391633 0.11367836
-0.13141633 0.032037891
-0.12891633 0.10094167
-0.12641633 0.095134652
-0.12391633 0.13729971
-0.12141633 0.039150175
-0.11891633 0.13198594
-0.11641633 0.063473821
-0.11391633 0.14047688
-0.11141633 0.097599264
-0.10891633 0.14285314
-0.10641633 0.035477073
-0.10391633 0.05992442
-0.10141633 0.14272364
-0.09891633 0.10676784
-0.09641633 0.1211754
-0.09391633 0.061023741
-0.09141633 0.071913843
-0.08891633 0.1341414
-0.08641633 0.11328031
-0.08391633 0.069881483
-0.08141633 0.046363312
-0.07891633 0.097239043
-0.07641633 0.12832838
-0.07391633 0.10347878
-0.07141633 0.017367605
-0.06891633 -0.038738602
-0.06641633 -0.070209516
-0.06391633 0.036900574
-0.06141633 0.066675169
-0.05891633 0.091900518
-0.05641633 0.042144272
-0.05391633 0.026488755
-0.05141633 0.066533487
-0.04891633 0.068210733
-0.04641633 0.046946731
-0.04391633 -0.017705019
-0.04141633 0.093969925
-0.03891633 0.033457198
-0.03641633 0.065107538
-0.03391633 0.069690983
-0.03141633 0.077038501
-0.02891633 0.016009623
-0.02641633 0.07388538
-0.02391633 0.084772956
-0.02141633 0.091942866
-0.01891633 0.2093503
-0.01641633 0.0033010645
-0.01391633 -0.0010693122
-0.01141633 -0.11153916
-0.00891633 -0.017982785
-0.00641633 0.074859003
-0.00391633 0.021942336
-0.00141633 0.077782355
0.00108367 0.08550679
0.00358367 0.080969327
0.00608367 0.08656788
0.00858367 0.027654919
0.01108367 0.089466225
0.01358367 0.10285644
0.01608367 0.083458703
0.01858367 0.098115861
0.02108367 0.025902382
0.02358367 0.11902046
0.02608367 0.099613085
0.02858367 0.084918223
0.03108367 0.10203357
0.03358367 0.04655676
0.03608367 0.051312762
0.03858367 0.12247657
0.04108367 0.091995082
0.04358367 0.11638297
0.04608367 0.063208892
0.04858367 0.063965143
0.05108367 0.14277457
0.05358367 0.1046915
0.05608367 0.10873673
0.05858367 0.02285324
0.06108367 0.1207919
0.06358367 0.086147651
0.06608367 0.030653602
0.06858367 0.022386416
0.07108367 -0.031453787
0.07358367 -0.0023413161
0.07608367 0.065550706
0.07858367 0.021891599
0.08108367 0.058608506
0.08358367 -0.013715108
0.08608367 0.049891904
0.08858367 0.041589038
0.09108367 0.034895282
0.09358367 0.046647057
0.09608367 -0.0090081326
0.09858367 0.045544419
0.10108367 0.04070445
0.10358367 0.035821773
0.10608367 0.024654087
0.10858367 0.045541509
0.11108367 0.015907951
0.11358367 0.043503661
0.11608367 0.039474126
0.11858367 0.034544001
0.12108367 0.021612408
0.12358367 -0.0053824432
0.12608367 0.10514832
0.12858367 0.041825192
0.13108367 0.047923603
0.13358367 0.0034934293
0.13608367 0.045756343
0.13858367 0.045528695
0.14108367 0.039665722
0.14358367 0.048241466
0.14608367 -0.00068896072
0.14858367 0.046923657
0.15108367 0.045428643
0.15358367 0.042303335
0.15608367 0.052223184
0.15858367 0.0067760382
0.16108367 0.045603375
0.16358367 0.049037721
0.16608367 0.051472933
0.16858367 0.049345901
0.17108367 0.0095212964
0.17358367 0.056558284
0.17608367 0.060638968
0.17858367 0.056839809
0.18108367 0.065001242
0.18358367 0.0076016789
0.18608367 0.058429485
0.18858367 0.07626825
0.19108367 0.067211731
0.19358367 0.064819799
0.19608367 0.0069557283
0.19858367 0.071365319
0.20108367 0.089632202
0.20358367 0.080683002
0.20608367 0.096631497
0.20858367 0.033579991
0.21108367 0.089428011
0.21358367 0.11220868
0.21608367 0.10144809
0.21858367 0.1171867
0.22108367 0.04287776
0.22358367 0.11155499
0.22608367 0.14481093
0.22858367 0.12215281
0.23108367 0.15065233
0.23358367 0.11598678
0.23608367 0.12496184
0.23858367 0.1840412
0.24108367 0.15186032
0.24358367 0.15337172
0.24608367 0.15771607
0.24858367 0.15174926
0.25108367 0.19243085
0.25358367 0.15202457
0.25608367 0.18215263
0.25858367 0.18538389
0.26108367 0.14157598
0.26358367 0.30892494
0.26608367 0.23757808
0.26858367 0.23637185
0.27108367 0.13791936
0.27358367 0.216096
0.27608367 0.19685905
0.27858367 0.12208478
0.28108367 0.18387132
0.28358367 0.12670761
0.28608367 0.087048295
0.28858367 0.11666664
0.29108367 0.11714959
0.29358367 0.071133471
0.29608367 0.010574137
0.29858367 0.043073485
0.30108367 -0.024645551
0.30358367 0.01077985
0.30608367 -0.078937638
0.30858367 -0.12167706
0.31108367 -0.069560585
0.31358367 0.14075139
0.31608367 0.15293719
0.31858367 0.086522969
0.32108367 0.11619598
0.32358367 0.1420505
0.32608367 0.10913506
0.32858367 0.17544741
0.33108367 0.061757432
0.33358367 0.03890047
0.33608367 0.028671897
0.33858367 0.065902284
0.34108367 0.10898306
0.34358367 -0.027584061
0.34608367 0.047022386
0.34858367 -0.011561663
0.35108367 0.01574285
0.35358367 0.026262798
0.35608367 -0.086381485
0.35858367 0.00013987887
0.36108367 -0.059939724
0.36358367 -0.051865799
0.36608367 -0.056170805
0.36858367 -0.15231744
0.37108367 -0.12297699
0.37358367 -0.028321657
0.37608367 -0.16701319
0.37858367 -0.076636856
0.38108367 -0.12564818
0.38358367 -0.23119255
0.38608367 -0.11584311
0.38858367 -0.216473
0.39108367 -0.28418454
0.39358367 -0.05585402
0.39608367 -0.15715554
0.39858367 -0.28961402
0.40108367 -0.28708014
0.40358367 -0.29737127
0.40608367 -0.37489528
0.40858367 0.10778381
0.41108367 -0.36892807
0.41358367 -0.43504907
0.41608367 -0.36107264
0.41858367 -0.12175341
0.42108367 -0.14428678
0.42358367 -0.46076556
0.42608367 -0.41926885
0.42858367 -0.47653423
0.43108367 -0.45027628
0.43358367 0.12363994
0.43608367 -0.45367115
0.43858367 -0.41744366
0.44108367 -0.57239164
0.44358367 -0.1441326
0.44608367 -0.31324742
0.44858367 -0.44905607
0.45108367 -0.4813917
0.45358367 -0.48032489
0.45608367 -0.50151098
0.45858367 0.0088425574
0.46108367 -0.49866853
0.46358367 -0.5137602
0.46608367 -0.48740698
0.46858367 -0.57547467
0.47108367 0.024735293
0.47358367 -0.52438916
0.47608367 -0.53344598
0.47858367 -0.52227882
0.48108367 -0.5418731
0.48358367 -0.0024084928
0.48608367 -0.53836745
0.48858367 -0.55422408
0.49108367 -0.55324856
0.49358367 -0.60505384
0.49608367 0.079028557
0.49858367 -0.58974626
0.50108367 -0.53960215
0.50358367 -0.56004168
0.50608367 -0.56588884
0.50858367 0.032148006
0.51108367 -0.56188707
0.51358367 -0.56711017
0.51608367 -0.53609163
0.51858367 -0.51039408
0.52108367 -0.024766298
0.52358367 -0.65258315
0.52608367 -0.50811176
0.52858367 -0.52297958
0.53108367 -0.58220531
0.53358367 -0.013551589
0.53608367 -0.54685776
0.53858367 -0.55006676
0.54108367 -0.54361166
0.54358367 -0.54586654
0.54608367 -0.0022863157
0.54858367 -0.52394951
0.55108367 -0.50338284
0.55358367 -0.63623362
0.55608367 -0.20192552
0.55858367 -0.33824045
0.56108367 -0.52040138
0.56358367 -0.50903246
0.56608367 -0.49703582
0.56858367 -0.48797319
0.57108367 0.0062537648
0.57358367 -0.61620008
0.57608367 -0.50469429
0.57858367 -0.50719763
0.58108367 -0.42944002
0.58358367 -0.071691536
0.58608367 -0.47646048
0.58858367 -0.45577566
0.59108367 -0.6002006
0.59358367 -0.1775036
0.59608367 -0.29748688
0.59858367 -0.46241669
0.60108367 -0.46058502
0.60358367 -0.54944661
0.60608367 -0.33670454
0.60858367 -0.14773577
0.61108367 -0.45116108
0.61358367 -0.45674217
0.61608367 -0.42351303
0.61858367 -0.48663795
0.62108367 -0.10393862
0.62358367 -0.41646289
0.62608367 -0.42434964
0.62858367 -0.54449247
0.63108367 -0.3524235
0.63358367 -0.070486536
0.63608367 -0.42722597
0.63858367 -0.41450116
0.64108367 -0.532316
0.64358367 -0.35006892
0.64608367 -0.22954003
0.64858367 -0.23456766
0.65108367 -0.52276093
0.65358367 -0.38678394
0.65608367 -0.40668818
0.65858367 -0.012078539
0.66108367 -0.50317406
0.66358367 -0.3935966
0.66608367 -0.38604506
0.66858367 -0.43570061
0.67108367 -0.087406123
0.67358367 -0.38160553
0.67608367 -0.39406325
0.67858367 -0.49145012
0.68108367 -0.35041129
0.68358367 -0.19312833
0.68608367 -0.24360281
0.68858367 -0.4904137
0.69108367 -0.3785934
0.69358367 -0.391527
0.69608367 -0.015747248
0.69858367 -0.47933654
0.70108367 -0.38373153
0.70358367 -0.38507875
0.70608367 -0.42546276
0.70858367 -0.067541993
0.71108367 -0.37064558
0.71358367 -0.49003571
0.71608367 -0.35972203
0.71858367 -0.38985534
0.72108367 -0.023378453
0.72358367 -0.47235419
0.72608367 -0.3836973
0.72858367 -0.37984347
0.73108367 -0.43966915
0.73358367 -0.045151745
0.73608367 -0.38575554
0.73858367 -0.41082687
0.74108367 -0.48018292
0.74358367 -0.3550813
0.74608367 -0.007521048
0.74858367 -0.49862412
0.75108367 -0.39329844
0.75358367 -0.44472507
0.75608367 -0.41350726
0.75858367 -0.05742616
0.76108367 -0.39739095
0.76358367 -0.42113983
0.76608367 -0.45672417
0.76858367 -0.36930554
0.77108367 -0.017643474
0.77358367 -0.49895352
0.77608367 -0.40201619
0.77858367 -0.40064417
0.78108367 -0.46330069
0.78358367 -0.022847951
0.78608367 -0.38934047
0.78858367 -0.48317002
0.79108367 -0.38714832
0.79358367 -0.38441179
0.79608367 -0.015856594
0.79858367 -0.45479449
0.80108367 -0.37275267
0.80358367 -0.40218202
0.80608367 -0.42387506
0.80858367 -0.047974881
0.81108367 -0.34930655
0.81358367 -0.46476669
0.81608367 -0.39325296
0.81858367 -0.39125449
0.82108367 -0.041099184
0.82358367 -0.43570676
0.82608367 -0.38080697
0.82858367 -0.4796976
0.83108367 -0.36245556
0.83358367 -0.12110244
0.83608367 -0.28430226
0.83858367 -0.43717686
0.84108367 -0.39293051
0.84358367 -0.3923281
0.84608367 0.01838127
0.84858367 -0.37877967
0.85108367 -0.33603068
0.85358367 -0.43713236
0.85608367 -0.27571851
0.85858367 0.025012219
0.86108367 -0.40348157
0.86358367 -0.29676513
0.86608367 -0.33885019
0.86858367 -0.34968917
0.87108367 0.051497645
0.87358367 -0.29300587
0.87608367 -0.30145639
0.87858367 -0.32150874
0.88108367 -0.240671
0.88358367 -0.069010156
0.88608367 -0.19891407
0.88858367 -0.22213916
0.89108367 -0.2986246
0.89358367 -0.2392803
0.89608367 0.067758643
0.89858367 -0.27974684
0.90108367 -0.20030883
0.90358367 -0.26451007
0.90608367 -0.28771946
0.90858367 0.073393923
0.91108367 -0.2298163
0.91358367 -0.24232119
0.91608367 -0.19819667
0.91858367 -0.37138777
0.92108367 0.12199075
0.92358367 -0.21544173
0.92608367 -0.20281627
0.92858367 -0.28356678
0.93108367 -0.2006632
0.93358367 0.089601943
0.93608367 -0.32414738
0.93858367 -0.18655645
0.94108367 -0.33645206
0.94358367 -0.22576454
0.94608367 0.036516059
0.94858367 -0.17274955
0.95108367 -0.27311176
0.95358367 -0.25797378
0.95608367 -0.31958973
0.95858367 0.12451469
0.96108367 -0.27473672
0.96358367 -0.34032877
0.96608367 -0.21279352
0.96858367 -0.32038212
0.97108367 -0.095101328
0.97358367 -0.1297503
0.97608367 -0.29025582
0.97858367 -0.28939716
0.98108367 -0.28860104
0.98358367 0.067145409
0.98608367 -0.31956382
0.98858367 -0.28086612
0.99108367 -0.26253038
0.99358367 -0.38602667
0.99608367 -0.11175705
0.99858367 -0.12171851
1.0010837 -0.35267401
1.0035837 -0.26753786
1.0060837 -0.33548585
1.0085837 -0.041325934
1.0110837 -0.25577766
1.0135837 -0.3599241
1.0160837 -0.27594821
1.0185837 -0.35965227
1.0210837 -0.032227743
1.0235837 -0.28028343
1.0260837 -0.28270079
1.0285837 -0.3401783
1.0310837 -0.2610127
1.0335837 -0.19710704
1.0360837 -0.14945279
1.0385837 -0.24499693
1.0410837 -0.30536714
1.0435837 -0.24713203
1.0460837 -0.012344352
1.0485837 -0.2876664
1.0510837 -0.23255707
1.0535837 -0.28750257
1.0560837 -0.23382159
1.0585837 -0.016343494
1.0610837 -0.28415372
1.0635837 -0.22949687
1.0660837 -0.30487714
1.0685837 -0.36836662
1.0710837 -0.14514871
1.0735837 -0.14551137
1.0760837 -0.33487504
1.0785837 -0.23582745
1.0810837 -0.32785621
1.0835837 -0.038280385
1.0860837 -0.22181719
1.0885837 -0.31517007
1.0910837 -0.21094242
1.0935837 -0.31267309
1.0960837 -0.11195997
1.0985837 -0.1625835
1.1010837 -0.2845171
1.1035837 -0.20511956
1.1060837 -0.26657391
1.1085837 -0.13481444
1.1110837 -0.14314105
1.1135837 -0.30290682
1.1160837 -0.18998905
1.1185837 -0.27929249
1.1210837 -0.061778261
1.1235837 -0.1629146
1.1260837 -0.23939954
1.1285837 -0.16431729
1.1310837 -0.24036293
1.1335837 -0.074036808
1.1360837 -0.098461242
1.1385837 -0.22826969
1.1410837 -0.16084027
1.1435837 -0.25548409
1.1460837 -0.06871575
1.1485837 -0.074540356
1.1510837 -0.23367747
1.1535837 -0.14122067
1.1560837 -0.24380866
1.1585837 -0.077387344
1.1610837 -0.1131547
1.1635837 -0.2376177
1.1660837 -0.16881959
1.1685837 -0.22311727
1.1710837 -0.053874577
1.1735837 -0.19864733
1.1760837 -0.1487024
1.1785837 -0.20658931
1.1810837 -0.16919851
1.1835837 -0.1043156
1.1860837 -0.11950731
1.1885837 -0.16774029
1.1910837 -0.18981015
1.1935837 -0.14672657
1.1960837 -0.10876343
1.1985837 -0.12438641
1.2010837 -0.15927653
1.2035837 -0.18378325
1.2060837 -0.089706643
1.2085837 -0.16168378
1.2110837 -0.03716192
1.2135837 0.001235967
1.2160837 -0.0070453881
1.2185837 -0.021184242
1.2210837 -0.0061873829
1.2235837 0.01118505
1.2260837 0.031058155
1.2285837 0.019935089
1.2310837 -0.18000022
1.2335837 -0.47383267
1.2360837 -0.60931688
1.2385837 -0.76598505
1.2410837 -0.56168135
1.2435837 -0.81318346
1.2460837 -0.52277634
1.2485837 -0.86094248
1.2510837 -0.92838069
1.2535837 -0.66321552
1.2560837 -0.84677587
1.2585837 -0.50746893
1.2610837 -0.99379231
1.2635837 -1.0558936
1.2660837 -0.6731525
1.2685837 -0.98089217
1.2710837 -0.32263477
1.2735837 -1.0546539
1.2760837 -1.1260669
1.2785837 -0.52372797
1.2810837 -1.1837854
1.2835837 -1.0143848
1.2860837 -0.58028818
1.2885837 -1.1610791
1.2910837 -0.39057888
1.2935837 -0.97038016
1.2960837 -1.1580116
1.2985837 -0.65779803
1.3010837 -1.0290794
1.3035837 -0.75028682
1.3060837 -0.81022054
1.3085837 -0.88231528
1.3110837 -0.82679772
1.3135837 -0.83938828
1.3160837 -0.94641447
1.3185837 -0.56969432
1.3210837 -1.0857846
1.3235837 -0.59023004
1.3260837 -1.034858
1.3285837 -0.56640871
1.3310837 -0.86627966
1.3335837 -0.88982469
1.3360837 -0.61211817
1.3385837 -0.94812108
1.3410837 -0.46340478
1.3435837 -1.0578952
1.3460837 -0.90218955
1.3485837 -0.57350789
1.3510837 -1.0513787
1.3535837 -0.95893939
1.3560837 -0.52609066
1.3585837 -0.81706986
1.3610837 -0.51579663
1.3635837 -0.82323302
1.3660837 -0.67610924
1.3685837 -0.74275103
1.3710837 -0.9341602
1.3735837 -0.44760353
1.3760837 -0.9196081
1.3785837 -0.60059899
1.3810837 -0.77600611
1.3835837 -0.92594021
1.3860837 -0.41189195
1.3885837 -0.75297493
1.3910837 -0.50649289
1.3935837 -0.84791919
1.3960837 -0.86145095
1.3985837 -0.36523963
1.4010837 -0.78015326
1.4035837 -0.99027763
1.4060837 -0.2880616
1.4085837 -0.94401315
1.4110837 -0.33429938
1.4135837 -0.86880893
1.4160837 -0.77167042
1.4185837 -0.52154028
1.4210837 -0.80166487
1.4235837 -0.294399
1.4260837 -0.87237869
1.4285837 -0.65434281
1.4310837 -0.49651481
1.4335837 -0.90003587
1.4360837 -0.34074004
1.4385837 -0.7313005
1.4410837 -0.44085343
1.4435837 -0.84817741
1.4460837 -0.81720348
1.4485837 -0.50458588
1.4510837 -0.70715529
1.4535837 -0.73972324
1.4560837 -0.41826162
1.4585837 -0.93670636
1.4610837 -0.2608067
1.4635837 -0.70590028
1.4660837 -0.59502851
1.4685837 -0.70996284
1.4710837 -0.76972186
1.4735837 -0.33488411
1.4760837 -0.70793787
1.4785837 -0.49106407
1.4810837 -0.70054304
1.4835837 -0.89694763
1.4860837 -0.34446669
1.4885837 -0.72222577
1.4910837 -0.68251194
1.4935837 -0.45735292
1.4960837 -0.65387836
1.4985837 -0.26949067
1.5010837 -0.73607851
1.5035837 -0.41182364
1.5060837 -0.46467924
1.5085837 -0.50077597
1.5110837 -0.38338139
1.5135837 -0.41114196
1.5160837 -0.65593636
1.5185837 -0.28785234
1.5210837 -0.75985693
1.5235837 -0.46054399
1.5260837 -0.61136178
1.5285837 -0.62319095
1.5310837 -0.46689527
1.5335837 -0.65365755
1.5360837 -0.33690204
1.5385837 -0.6264126
1.5410837 -0.57667251
1.5435837 -0.31627822
1.5460837 -0.63638298
1.5485837 -0.39087335
1.5510837 -0.65991046
1.5535837 -0.50713515
1.5560837 -0.37986411
1.5585837 -0.7227041
1.5610837 -0.38078264
1.5635837 -0.64790666
1.5660837 -0.45646998
1.5685837 -0.31534621
1.5710837 -0.73528243
1.5735837 -0.28688169
1.5760837 -0.63435389
1.5785837 -0.3874013
1.5810837 -0.36334971
1.5835837 -0.7216895
1.5860837 -0.29339207
1.5885837 -0.57847694
1.5910837 -0.49344959
1.5935837 -0.44951226
1.5960837 -0.73393228
1.5985837 -0.43212367
1.6010837 -0.49116346
1.6035837 -0.47955716
1.6060837 -0.3855167
1.6085837 -0.57212907
1.6110837 -0.43776446
1.6135837 -0.55768096
1.6160837 -0.52998653
1.6185837 -0.3280097
1.6210837 -0.50910169
1.6235837 -0.44447344
1.6260837 -0.59142071
1.6285837 -0.48504024
1.6310837 -0.34845866
1.6335837 -0.42750268
1.6360837 -0.45551329
1.6385837 -0.33475111
1.6410837 -0.48289842
1.6435837 -0.37114615
1.6460837 -0.31140581
1.6485837 -0.3464898
1.6510837 -0.10143027
1.6535837 0.18549748
1.6560837 -0.0063715221
1.6585837 -0.056370195
1.6610837 -0.19585481
1.6635837 -0.38016525
1.6660837 -0.11618079
1.6685837 -0.45512121
1.6710837 -0.41830469
1.6735837 -0.19513639
1.6760837 -0.44503732
1.6785837 -0.19832552
1.6810837 -0.51294497
1.6835837 -0.55919491
1.6860837 -0.24785761
1.6885837 -0.57188189
1.6910837 -0.24107882
1.6935837 -0.52949159
1.6960837 -0.58272059
1.6985837 -0.33569309
1.7010837 -0.73899502
1.7035837 -0.61578582
1.7060837 -0.41114008
1.7085837 -0.68516266
1.7110837 -0.29649017
1.7135837 -0.76343389
1.7160837 -0.71018686
1.7185837 -0.41352484
1.7210837 -0.89414488
1.7235837 -0.33653412
1.7260837 -0.83353854
1.7285837 -0.57092062
1.7310837 -0.60196172
1.7335837 -0.80501762
1.7360837 -0.34385065
1.7385837 -0.88186381
1.7410837 -0.87110829
1.7435837 -0.43084229
1.7460837 -0.87537533
1.7485837 -0.3372334
1.7510837 -0.87396287
1.7535837 -0.70953291
1.7560837 -0.63926739
1.7585837 -0.86399277
1.7610837 -0.32996675
1.7635837 -0.88894082
1.7660837 -0.74252934
1.7685837 -0.49781434
1.7710837 -0.91853328
1.7735837 -0.61897026
1.7760837 -0.94882162
1.7785837 -0.90001446
1.7810837 -0.51050198
1.7835837 -1.0958595
1.7860837 -0.75650782
1.7885837 -0.6851983
1.7910837 -0.8641987
1.7935837 -0.5153678
1.7960837 -1.0526862
1.7985837 -0.64075352
1.8010837 -0.81235274
1.8035837 -0.88337915
1.8060837 -0.60879922
1.8085837 -0.69763204
1.8110837 -0.92417955
1.8135837 -0.65317255
1.8160837 -0.79359938
1.8185837 -0.51805181
1.8210837 -0.79970013
1.8235837 -0.7532527
1.8260837 -0.53713536
1.8285837 -0.57586368
1.8310837 -0.68378949
1.8335837 -0.67888355
1.8360837 -0.5689961
1.8385837 -0.56141509
1.8410837 -0.48664174
1.8435837 -0.61310335
1.8460837 -0.69951778
1.8485837 -0.4536636
1.8510837 -0.52941115
1.8535837 -0.55010609
1.8560837 -0.37792486
1.8585837 -0.67068874
1.8610837 -0.35962144
1.8635837 -0.59980913
1.8660837 -0.58999397
1.8685837 -0.43295454
1.8710837 -0.60798969
1.8735837 -0.63119312
1.8760837 -0.57260105
1.8785837 -0.65880956
1.8810837 -0.6271621
1.8835837 -0.38669882
1.8860837 -0.7464621
1.8885837 -0.40662451
1.8910837 -0.82477701
1.8935837 -0.45737675
1.8960837 -0.50209859
1.8985837 -0.51748758
1.9010837 -0.54589515
1.9035837 -0.68666544
1.9060837 -0.49304984
1.9085837 -0.46548135
1.9110837 -0.48420509
1.9135837 -0.61597237
1.9160837 -0.47257679
1.9185837 -0.47218978
1.9210837 -0.48007763
1.9235837 -0.39461429
1.9260837 -0.39508261
1.9285837 -0.36323296
1.9310837 -0.096012783
1.9335837 -0.024831564
1.9360837 -0.022916496
1.9385837 -0.025475659
1.9410837 -0.024880912
1.9435837 -0.023206202
1.9460837 0.0054675436
